0.07537603005498196 5 14
-0.002091103780490411 6 21
0.027088368547346208 5 8
0.032446153633332864 6 19
0.013654113268862862 4 9
0.049874534630082186 4 15
0.2833889686960656 3 12
0.10569410197987866 11 14
-0.008508537124145643 4 20
0.09196164747030093 4 10
0.1981931112365895 4 15
0.06892023770230633 10 17
0.04425108051635808 8 13
0.07741711113494615 2 7
0.11211577612100229 2 6
0.011305959126675093 7 18
0.05245232088977454 1 9
0.008438082717357792 7 15
0.010163045413931543 7 17
0.20001433808813543 8 19
0.11377376968311939 6 20
0.10318933631097771 6 19
0.03963557350362261 1 9
-0.006465281990440851 5 13
0.05720839694771773 4 15
0.12243360494618254 4 18
0.002329402781491963 9 18
0.08930246656120566 2 22
0.11464920032223097 6 26
0.07067315762967942 3 7
-0.00934412125974063 5 17
0.001883294805799101 6 20
0.15405025654185697 1 14
-0.0059014612644794585 6 22
0.01462102957975537 5 18
0.029877028948667502 3 18
0.11727223776913216 5 20
-0.00046619094772875675 7 23
0.2456263491769193 5 14
0.009402363672186676 6 20
0.05278351648923091 2 15
0.015800627340172842 4 11
-0.006316896003120829 6 17
0.021728712169859433 2 8
0.04415898966307683 4 24
0.1007225250348587 2 6
0.057475864652202155 4 13
0.04408328774176938 5 13
-0.009420125798545119 6 13
0.039960704778805894 7 21
0.05308776440035458 4 9
0.01022021456804067 1 12
0.026955809564505245 0 11
0.10759477155939941 4 15
0.023879355461525836 7 14
0.18913860459589135 5 14
0.10931735808790892 2 10
0.02039901965229133 10 24
0.10868287196789617 8 21
0.17709220081764768 3 11
0.10508229336227169 5 16
0.12256863268113331 2 17
0.03963404701803814 9 24
0.1587679741342636 4 10
0.04892556601883393 1 12
0.07003005634042761 4 10
0.03507018675707245 4 9
0.09592304908525268 5 13
0.04590950154447768 6 12
0.14262853692201521 4 17
0.03751698622227006 4 21
0.06942106383390417 4 14
0.005286807413116585 3 14
0.017854009695256103 3 18
0.05982678263829918 7 17
0.004617237107686506 1 5
0.1319452582783182 4 12
0.04375770046615608 4 12
0.06133075463978879 6 10
0.1017613102090212 1 11
0.026082113496301174 3 18
0.0940765419561856 6 18
0.01932367149758458 4 8
0.015730439332923802 8 12
0.02062409852730631 2 8
0.05544576812081547 1 12
0.1635461757326055 5 20
0.1266090368014816 4 21
0.09579240635141259 4 23
0.018921065859076824 4 13
0.1496217944775844 7 25
0.015767867139391704 7 17
0.02474613033619248 4 15
0.0015777595813943977 2 9
0.027395105236384266 9 25
0.07482209699313065 7 11
0.2410270110129858 6 16
0.05911824992384469 6 18
0.10038617975713258 4 16
0.314296877316547 5 14
0.016806722689075633 9 22
0.04499201076444367 5 25
0.1519976602245876 6 12
-0.009239667624760774 4 19
0.14986393658824704 3 16
0.20065437614043924 5 25
0.20721459974980597 6 17
0.058155871044069773 5 10
0.34679128980473106 7 16
-0.009573957460221903 5 26
0.016504693926004167 4 15
0.04133961276818421 6 20
-0.005368324474162538 3 11
0.07263310895671933 3 10
0.11522982879766797 3 27
0.10603023686117673 1 16
0.021003694905457015 5 12
0.0911716751688405 7 21
0.091531988092663 2 10
-3.724517182072618e-05 13 22
0.005515602643194418 2 11
0.04453159344844551 2 8
0.0153531768438601 3 6
0.03336401335291978 1 7
0.4122826541911117 2 8
0.09793124545906468 5 21
0.02807728894685413 3 13
0.07297758836952743 7 17
0.053948645076512876 4 13
0.031970623720241946 7 18
0.0406444420469666 6 19
0.03383223675031949 0 14
0.04674360350688853 6 14
0.24450549450549453 4 7
0.006492065002197239 6 10
0.022583665158481703 5 17
0.031075862232444258 3 18
0.11972416491416835 8 15
0.022072887187573963 1 19
0.12635770027074378 6 17
0.06421690000618185 4 11
0.11110889203996994 3 16
0.02852421054217854 5 15
0.04373363978803554 5 15
0.006793865684779516 1 14
0.06374974496037641 4 17
0.03722490266950542 3 12
0.04628056086104297 6 16
0.018752247581340645 4 17
0.0987687819541948 2 14
0.03899786653664551 1 25
0.02637328223214746 7 14
0.2316865606394476 4 18
0.07241468173618526 8 16
0.07354446795440583 7 10
0.1465518632806711 7 13
0.01864106907585166 7 12
0.0798055384789322 3 12
0.07103865980023569 9 15
0.04295353848602853 3 21
-0.010963374297630776 2 15
0.12711815244896535 4 14
0.006146141588891487 5 8
0.2351160226936625 4 12
-0.010549483107071421 4 10
0.029868330521494086 3 11
-0.016819597489527355 2 16
-0.01420934197955902 3 26
-0.005165248063798774 4 15
0.07294832826747723 5 7
0.08370983600226949 8 15
0.07802224795592519 7 14
0.08089970458786055 3 12
0.060829545779378554 1 18
-0.01005955857758343 2 21
0.07775165064167629 8 17
-0.0058121247118585176 2 9
0.0653791951563234 4 7
0.05875709315550516 6 17
0.07044387214058478 3 16
0.1780710547982486 3 14
0.00010592710289378238 3 11
0.0684538240704396 7 20
0.051905604639138875 5 17
0.02228824797327776 5 13
0.05184721322139134 5 16
0.14855937186537996 2 11
0.07387084751495332 7 30
0.0301301149657459 7 17
0.09139456245903027 2 15
0.02525111462826762 5 18
0.16934224409396548 2 16
0.017071959539471163 4 11
0.020989366620434526 6 11
0.07788290728585291 4 13
0.08338331651434829 13 22
0.04183407800450478 0 6
0.17707812760286518 5 12
0.07050938551731294 9 25
0.10211837316370156 5 19
0.05687095140351346 0 10
0.04255694097060128 7 22
0.0030433953345661417 4 11
0.017613842241796754 3 16
0.09535327315989224 1 15
0.020696495208341065 2 12
0.0688496603828412 3 9
0.02480409064778675 4 16
0.10691551250333237 5 10
0.05738936551790996 3 9
0.005036808466079737 2 13
0.06442319278758199 7 18
0.06412318102909868 0 11
0.02161919911124578 10 22
0.1872506749405649 8 23
0.09918388353797518 10 18
0.007433512680888983 6 20
0.18862907481833313 3 17
0.36844488641818324 9 24
0.04372461574545122 5 11
1.640070195004253e-05 2 11
0.05433486629194346 3 25
0.057020367157337125 2 17
0.06121683882361067 4 9
0.021254951826673935 7 18
-0.0067200385334001125 6 17
0.2850258847833547 6 18
0.1278412890272537 3 10
0.025663248110164214 9 13
0.061266651462914073 3 8
0.11210501191981043 4 17
0.076152200010439 3 17
0.08725478817467182 6 23
0.001711742553919898 4 13
0.008035858904729982 5 17
0.17918746586391293 9 22
0.17651754978796394 4 18
0.06056986058028076 5 13
0.047427846576859285 5 19
0.03814071494393185 4 12
0.12135047639044523 4 23
0.11706021612460799 4 15
0.16030509731830422 1 13
0.19719711331999623 6 12
0.15131278764621334 8 22
0.08986629185586403 4 14
-0.006608909011110293 1 25
0.2661089678669485 3 8
0.10553085922178938 3 16
0.06278577713964631 9 20
0.046952042581212154 5 15
0.12339169215564852 12 17
0.0383814804007393 3 9
0.2730519607350734 2 9
-0.001973589476448214 3 12
0.018793428907520802 7 16
0.061398569493894196 3 17
0.06295098127910999 5 15
0.10729167574097141 7 14
0.28574853282274015 7 15
0.01735228205377338 7 16
0.06944435650724708 6 17
0.10118212783009416 4 7
0.03452423322459259 1 17
0.07609793332184991 4 12
0.15039491364336507 4 17
0.05764874721493842 2 10
0.008768670921201227 8 16
0.10783389538018534 5 19
0.15108072214393004 6 9
0.2961200701527786 8 20
0.07211551733290864 7 11
0.09861139103155267 5 14
0.03527010557537851 6 10
0.02734103346473219 3 14
0.023421078576358077 7 12
0.13074241906853837 2 14
0.13474710943065374 5 16
0.024277940254780587 1 16
0.015028377779837902 4 8
0.07694489350236823 1 5
0.05211787232055297 7 19
0.2092462148813861 9 21
0.05628570522491179 6 15
0.13540929519230993 8 18
0.18404262653083464 8 14
0.0275944205575405 3 11
0.05469546676555119 8 11
0.02845837191478442 7 19
0.1844536610138163 4 15
0.020861806880562255 3 12
0.17263895524765088 11 20
0.013381555153707059 6 9
0.07087073816752455 5 9
0.0660229918392666 6 13
0.11678106807098326 5 13
0.062301745588542616 4 14
0.024454159474884468 7 13
-0.004473023373010942 2 16
0.0006487749526343735 2 10
0.028934845092019407 7 12
0.1366630264145792 3 13
0.008044903869268873 7 11
0.06705599143426916 5 14
0.01569432120674359 6 15
0.022516130088914205 6 13
0.10199893732021476 3 9
0.07223562559530941 3 9
0.06704213888151371 3 20
0.13630191747076537 4 18
0.18406783003056287 5 10
0.061669075614932886 4 16
0.0639842287166036 2 9
0.0913739911953134 1 16
0.09734818459126166 6 14
0.01457434548032102 5 12
0.023401617943186813 4 13
0.05810665581536089 4 15
0.1159549114331723 6 14
0.1345282846807778 6 11
0.01891184172243237 6 20
0.06841092051257054 1 11
0.03161954469098331 5 17
0.19809107480421279 5 25
0.09598790563704164 7 21
0.06107453829401245 4 11
0.09441292300737963 10 19
0.045003269722370905 5 15
0.0882365284539198 5 14
0.07364685004436558 4 8
-0.005568002721544035 5 14
0.013045131636235302 4 15
0.0059275223573193704 5 11
0.0804941992232962 7 13
0.13493738567609398 9 18
0.0576771488985682 10 26
0.039162914346953334 7 19
0.05675733561790533 3 7
0.041001254501072545 3 10
0.016826751459435164 3 14
0.09575882708853926 2 15
-0.02254824968468145 4 9
0.06314325174135321 3 11
0.0613649911261955 5 15
0.037596371882086206 3 20
0.1896471999700064 3 12
0.10289681619858117 4 11
0.05460410511705094 1 7
0.023937284240357525 5 15
0.021699023337994453 10 17
0.06787881392966395 7 20
0.04262249827467218 7 11
0.08534583028672389 4 16
0.05649684199491578 5 12
0.12298105870884701 4 16
0.00747731414140717 3 15
0.08453627626827917 7 20
0.0016268778271663641 4 14
0.03185406003337271 9 17
0.05438898450946645 7 16
0.1470350043620767 8 17
0.035009900740745434 7 19
0.05856255545696537 3 9
0.0586328882802693 8 17
0.1544661342797989 6 18
0.033894976630925736 8 24
0.1447985331717623 6 10
0.05048902022661841 6 13
0.05474266659337838 4 19
0.02299815343293607 3 8
-0.0017240998209588562 4 11
0.13059752095256183 4 8
0.17165611232389996 5 15
0.05133886321883874 7 22
0.005301593076743164 9 34
0.01654491711915829 6 13
0.035576387766463755 0 12
0.12943583794539637 2 16
0.041534129544863366 4 16
0.013288752760863495 8 11
0.07713426549484341 6 21
0.14755003450655627 9 12
0.23385036044647384 3 10
0.1224655083375428 7 18
-0.016351882367853985 4 6
0.09570850470734911 4 18
0.002250784084619701 10 17
0.040241280458671765 5 16
0.061321025994939105 5 17
0.08825016063396873 3 15
-0.01609535319907505 2 7
0.1153153724996749 5 21
0.026361578648129737 5 13
0.08851732676666196 4 18
0.11705892227631365 8 11
0.17600344065372425 7 16
-0.0009352006872105335 6 13
0.08235256118319266 4 21
0.02095224939442228 1 12
0.00448375081643105 5 18
0.08178931115556029 7 17
0.2900625651465996 4 19
0.035948771811529404 4 10
0.018979760000553972 6 10
0.32943301039044104 2 10
-0.006089647599081517 2 10
0.07360428835610304 7 17
0.0012103613932128673 3 16
0.2049953786705111 4 12
0.2528105321478835 6 15
0.015042241912219232 4 8
0.00377621021014994 3 16
0.10330703374181636 4 13
0.016291928151173595 6 17
0.054539440834772426 5 13
0.20777528030111592 3 11
0.03612197201519824 3 13
0.10770816040301118 3 8
0.11759255237516111 6 13
0.08279858380192831 5 15
0.008465294412764387 3 15
0.01264342406457911 4 12
0.025872678046591102 2 12
-0.008962315084764024 6 12
0.020204183622474458 4 15
0.04033646778088039 2 13
0.15105590062111804 3 12
0.02019563357756536 2 17
0.055690221226719065 5 15
0.02273866484392804 3 18
0.02233936533885933 1 15
0.10539611425468265 9 22
0.08599491723332647 4 10
-0.0030293124114633865 2 7
0.01039681293958488 12 18
-0.0030959461029702153 4 21
0.3010678602475966 6 11
0.0032613573894607058 2 14
-0.017679930322892452 8 14
0.06850127681201078 5 16
0.018932684662557386 1 10
0.04970627346025019 0 8
0.06926244469803147 2 28
0.002455224857035117 5 11
-0.0005226894749346575 4 12
0.0371327422439272 4 12
-0.008220679576178305 3 24
0.023429079002795925 0 23
0.01843421678690381 3 14
0.10250595576264791 9 21
0.025717617381785317 8 22
0.018128198456067304 12 18
-0.0018989322256942965 7 9
0.12943335128662514 3 12
0.06871938886381487 7 12
0.15927635654029249 5 22
0.14109730848861285 7 11
-0.015513815094747503 6 16
0.001089345437171482 3 8
0.019469728911927345 2 16
0.0514050143025408 5 14
0.046862091458045395 2 21
0.38969404186795487 9 11
0.1300090942512723 3 14
0.02241628369847214 3 16
0.09090880766216922 4 17
-0.013314480970896644 3 13
0.028709925875677535 2 8
0.10252354777845177 5 15
0.1305684146276498 2 15
-0.014135243073233088 5 14
0.07868560206542162 6 12
0.037960212440363704 4 14
0.029360782001107994 3 12
0.11331006359641695 4 16
0.060281190652501336 4 16
0.00022926784419559652 3 15
0.02525665923037009 6 10
0.08911021677521914 4 11
0.027185617528637015 4 14
0.15963490380245415 5 12
0.005929641276193929 4 15
0.06559279230086687 3 10
0.060868172771237655 3 10
-0.0010214984325282543 9 24
0.053275769336996494 7 15
0.027054690953078896 4 13
0.04357131225719399 5 18
0.09154739400486096 6 10
-0.007976059033920603 8 20
0.08412710937764202 2 13
-0.008955229345034461 6 22
0.0989284578489976 5 17
0.014986267799045081 6 14
0.23777925969199468 4 13
0.04947483950874659 5 10
0.016084139768262368 2 11
0.0097700366481492 4 13
0.09981829626022821 6 10
0.10193665610025227 4 21
0.051906703076443975 5 21
0.024277898103233317 1 7
0.05823761309169291 3 14
0.08095350455918243 4 19
0.0476416234668413 6 20
0.06797729406425058 3 9
0.04718920816408409 5 13
-0.001521551230656137 7 21
0.011776186520024812 4 11
0.032631094238666794 3 14
0.007661398002494563 5 17
0.043124080367722674 6 12
-0.012250970068418974 4 9
0.0484479014847977 4 11
0.0629292882355877 12 21
0.04269633297487449 5 15
0.013098261865630777 5 13
0.12314037940151401 7 23
-0.011422162697764545 7 10
-0.00869671493599171 1 14
0.054511539301093495 6 8
0.06988411579080799 4 10
0.13214216868073125 7 21
0.1303697653486449 6 13
0.344526897513928 3 13
-0.004646882907752452 3 4
-0.0029460884577132574 3 10
0.16172821412146424 2 12
0.00985859653759748 5 10
0.09561230638197629 4 19
0.008471888210291986 2 8
0.02066419754101399 7 17
0.0526227646111668 6 29
0.15612103051716583 3 14
0.13199592600013357 2 15
0.012472091568447355 8 19
0.029163959562358645 4 14
0.025090456136188394 2 16
0.05668473897199999 3 11
0.028851315083199155 9 24
0.11321760931311373 8 22
0.13203329145358136 5 23
0.08402448192199487 4 13
0.05235794801012193 4 10
0.08845826774502887 7 17
0.03306217591931878 7 18
0.021330553129138622 3 11
0.17580655301347195 4 14
-0.001969515739312911 3 18
0.08946768851599046 9 21
0.013565653673633531 2 16
0.01242236024844723 4 20
0.012018082252196001 5 13
-0.012504955728822495 5 21
0.08062801932367152 9 16
0.014215862108025444 3 12
0.02678454852367896 5 14
0.31582664995060766 3 12
-0.0026260261015088036 3 9
-0.009240088950233722 4 12
0.05341055341055345 8 20
0.0968111268831526 4 14
-0.004105695336351192 7 12
0.025604238015531605 11 25
0.06925645352385741 3 11
0.008638628073383288 4 11
0.04349355463410628 6 19
0.06007234224022305 4 13
0.14080677262915933 3 9
0.05720314006475634 4 17
0.11978384196246386 9 19
0.11477390820987507 7 11
0.10115174719501409 5 25
0.13495899588393276 8 23
0.05311155839291377 8 21
0.00440108765733187 8 14
0.035223137621315743 1 21
0.030847045149104628 5 12
0.017048084055756682 4 13
0.17503467632423397 6 16
0.10834054834054833 7 15
0.08924185671613488 2 7
0.002095726330383175 7 21
0.1569547407555823 5 17
0.03476011879956876 8 23
0.023032220768552034 8 18
0.0942449797168779 3 10
0.06189709378115173 6 15
0.07493798165552355 5 22
0.23999087723663196 7 16
0.03001272041173686 10 13
0.028568319094520345 6 13
0.15648619944376257 7 12
0.014065868391282986 7 16
0.0464196935281781 3 11
0.24838272905069958 2 5
0.21080861319329344 2 16
0.02306075748377154 2 13
0.14475935938256365 5 21
-0.0010148987131083616 4 10
0.07459193991044342 4 7
0.04710121129911238 4 16
0.10655876543520956 3 13
0.12613394562806382 5 11
0.02816135016111323 5 24
-0.013038421572544649 3 14
-0.00923511345018147 7 10
0.031000561005354796 4 15
-0.007236985634388479 4 12
0.14929955065111372 2 12
0.07409328315575571 3 15
0.09723200052846313 5 12
0.04516726599106458 2 9
0.04656651887146235 7 18
0.02252701883691898 9 25
0.01450158259280352 3 16
0.037743661861791455 3 15
0.17747452307909312 2 10
0.020609013306717994 5 14
-0.011931889700552561 3 14
0.2727296981196183 5 21
0.03423016466494732 3 13
0.3197870116616876 6 19
0.009302098107301827 2 9
0.025690088940859657 6 17
0.053949882701881516 5 16
0.0404806361061362 3 19
0.020195290392371813 7 18
0.03964199241021263 6 17
0.012121131971781503 6 17
0.09344141859719077 6 17
0.023433132688285202 2 15
0.002571558063685477 10 31
0.03910977301573245 8 13
0.12732230653757698 3 7
0.21288557915009096 7 17
0.02016340383153813 2 14
0.23432789722957176 3 11
0.08707413468304323 3 19
0.06436893172261723 5 14
0.053274072412358785 3 10
0.035721406908007715 9 16
-0.017606313548590467 6 12
0.02939843089015366 4 11
0.015199511018567572 9 18
0.07490768606860049 10 17
0.09551225691785545 7 22
0.040303748681267175 1 15
-0.0030412514514713933 2 12
0.042153294179823296 4 18
0.0507884618378244 3 10
-0.0076380991261578825 3 8
0.01139082149990121 3 8
0.08536899728924816 6 15
-0.0002078285598532426 6 12
0.12409895589355634 3 24
0.17050979627247922 7 15
0.016521620483249944 6 13
0.1250453438358294 4 18
0.017899776736742933 2 18
0.04386676467114327 4 14
0.11568177315791313 1 8
0.17513645774515343 4 10
0.00127286125812294 3 6
0.02608569504824347 6 21
0.03948669166060471 3 10
0.01830980998295656 3 14
0.1139917551296874 5 16
0.026053325766413376 2 9
0.18109366369446855 6 12
0.06983298106013511 4 12
0.0945220436953444 5 8
0.041967539049810786 2 18
0.05470871021997376 3 14
0.0950374591790997 6 16
0.040667603552439036 5 16
0.014580505395362873 7 16
-0.011911725111179137 2 12
0.00025972676744071807 3 14
0.08934128089319175 4 8
0.03182462084063916 6 14
0.06507172249488437 3 13
0.07639608485138338 5 14
0.02705745341614913 5 14
0.1802064413899291 5 15
0.06101075234828972 8 23
0.05643936954648745 9 24
0.01974652640649124 7 13
0.1081484073523265 4 14
0.052826527912514375 3 7
0.03835706500112458 8 14
0.16129985410805853 6 15
0.2770834282474551 4 9
0.0713998579438122 9 18
0.034726855288586524 9 17
0.03379772834129327 9 26
0.006425416463728008 2 13
0.05967477570738444 5 13
0.04761904761904762 2 13
-0.003295917704184415 5 13
0.0007374350943081167 3 10
0.01214344078490642 8 16
0.050737631781837746 3 17
0.207178393745558 4 7
0.0044294870208606285 5 22
0.10276537406972194 6 14
0.06614506479988107 3 16
0.023794640424281782 7 22
0.12248375086767221 5 12
0.06318341188343378 7 12
0.03945988812424494 4 10
0.09975357034773961 2 12
0.022788990763597836 4 26
0.001880362934679994 5 13
0.22863324127892481 5 14
0.04909325441991052 8 17
0.005004149168908918 7 17
0.0010896807235480019 13 21
0.10216395089962492 5 18
0.03867871259175609 7 12
0.04430641821946173 3 5
0.03948092834267724 4 15
0.2602440241875865 4 12
0.06231060720159523 7 19
0.009832047461214983 9 16
0.2580227743271221 1 12
0.06401456758711868 4 15
-0.004498560108856909 0 4
0.19948590888006426 6 22
0.0016458647647784761 7 11
-0.00581171599074419 5 11
-0.018255778363595095 5 23
0.03919413919413918 4 12
0.10247273512579637 7 15
0.028134598320933776 6 9
-0.009861528862897746 5 11
0.22529784860804228 11 16
0.040547675405031874 0 7
0.07131723819078221 3 16
-0.0009043097498869919 6 11
0.058846681431901714 4 19
0.27628799272658616 7 16
-0.005904202523355862 4 18
0.0395014656745178 3 13
0.04702808489624764 8 20
0.06617014383602207 4 12
0.19136155606407326 2 9
0.3747986718448053 4 14
0.023696805271599883 7 15
0.10917851525178351 6 10
0.04096627528665659 10 16
0.1660448390078434 6 21
0.1724582635432148 2 10
0.215212762551922 2 13
0.1003576646865357 11 20
-0.006260564281337028 5 15
0.12716984333335632 5 11
0.052395556815546085 3 15
0.1179224507431551 7 17
0.047472093538642436 6 16
0.006582411110561801 3 14
0.33004792037247643 5 8
0.0127837444746488 6 14
0.025545982768984215 2 12
0.09055987188088387 2 14
0.04506115456502997 3 10
0.10862293365940874 6 21
0.0034724564103508194 1 7
0.042669884953841684 6 14
0.04730013822204664 2 10
0.026894221910235588 8 11
-0.02418604834063767 3 7
0.05541346973572037 7 11
0.044089968003011494 5 10
0.07099693464726498 2 11
0.11885581519358587 4 8
0.17286732556958687 8 21
0.06622813837699548 4 16
0.1415883606476851 5 18
0.07539498602815556 7 15
0.06449261504264125 7 17
0.050888717847745533 3 8
0.028712576183738573 5 12
0.022778842702032665 7 16
0.08424200598113642 6 10
0.07662461403998946 2 14
0.03982579794854164 0 8
0.03157734502210873 3 19
0.020951504595396984 4 10
0.01218004926408935 7 21
0.04151522122536613 5 9
0.08356544578002198 5 14
0.02208359951398547 8 15
0.0061050061050061345 3 6
0.08145230520628192 3 14
0.04005414874980095 7 14
0.07432543457388183 8 28
0.040886010675611 6 11
0.07625270430595292 8 17
0.09763302619565709 2 14
0.02561223474565431 3 13
0.03793285430114079 5 25
0.0497077801425628 1 11
0.07898741488664514 4 16
0.11317983346617942 3 9
0.1933790377370144 3 18
-0.014085111404327496 7 11
0.00917874396135263 7 16
0.033264320220841984 9 18
0.11990203464616396 10 20
0.05196467894270942 8 19
0.014985612027297396 7 15
0.027377067768636684 1 8
0.0920398611144678 2 6
-0.007539212791916384 4 15
0.12404809276853376 6 13
0.17096557328765585 5 17
0.08003668347992832 7 14
0.019198924162486603 6 19
0.025905367202492743 5 19
0.020787781454177274 9 17
0.00047200105233019584 7 17
0.10623576956502973 4 16
0.00030805160939056833 11 22
2.228312944268389e-05 8 19
0.03090979427229908 0 13
0.1371657147451636 4 18
0.009621754215666372 5 9
0.07691642082435368 3 17
-0.0017497450016170182 2 8
0.03092984093185513 4 15
0.10380063121083911 9 18
0.012307338394294917 1 6
0.02055197827036678 4 10
0.056164303293097406 11 18
0.016624135329898773 1 6
-0.006474943239452245 7 21
0.009717792326488018 6 16
0.06343412474725142 7 10
0.03933747412008282 1 10
0.026339309184585446 9 18
0.12314067812789048 2 10
-0.019298726999093612 1 7
0.2213074939684085 7 18
0.22240377376246953 6 29
0.037904730415889314 5 23
0.10578637949963231 5 17
0.12027374148112341 0 15
0.01771418274623153 5 8
0.02636679676362841 6 26
0.021221532091097325 7 27
0.0600326238480857 2 20
0.051684134427954505 7 23
-0.014206241195711863 2 10
0.03531914218137374 1 10
0.18504207316099572 7 16
0.0455301685891748 4 7
0.07742062232700117 2 10
0.0024523998484231252 4 14
0.019766397124887685 4 6
0.1491861993924831 8 22
0.027314902898630995 9 21
0.04604420153539471 4 18
0.1373408207833461 6 16
0.001643196041529017 2 12
-0.010449124998554198 7 17
0.044827121082685106 3 8
0.03389999823712963 5 16
0.029127985930229926 5 13
0.08310430131928047 6 19
0.0013863068897013908 2 12
0.08839048295256793 9 14
0.07528270014955409 1 12
0.010858031965978994 5 14
0.11171431732334484 1 12
0.18933001031951557 6 12
-0.003364389233954379 4 8
0.0399218011700969 5 16
0.0726553967583938 1 21
0.3820728833801363 3 8
0.18180953287032628 8 13
0.24521840744833542 7 15
-0.0049455199407595 9 17
0.017406012060324223 2 8
0.004970852296037668 6 9
0.037568682408912916 9 20
0.20897536903693112 3 14
0.07246376811594205 6 23
0.006850594636236682 3 13
-0.00023959569619259478 8 20
0.0244359675926851 3 15
0.14634278563066258 4 13
0.13905599367250568 6 12
0.2768104628403987 6 10
0.05490467890957789 4 13
0.16313013499714266 4 10
0.08224606311562835 4 16
0.009047483727790675 8 12
-0.009519909253715762 5 19
0.2946998391232796 5 11
0.034547758103890464 4 10
0.08397558886973866 2 16
-0.002300569368099502 3 26
0.02998138148168765 8 18
0.07154821727686048 5 16
0.144222361376727 7 11
-0.009554995365437453 9 14
0.2491074925857535 4 7
0.010551256075552774 6 9
0.10241356816699286 10 17
0.027732492600926056 5 12
0.2410386253642969 6 14
0.02713931116525401 4 14
0.07278197228730945 3 13
0.08775019291468095 5 13
0.022880608713831952 7 24
0.04801408008577851 7 14
0.012962288977854983 8 15
0.29270393374741205 7 15
0.07010534947630231 4 15
0.037174465745894315 4 16
0.16427123087622625 6 17
0.011359185272228775 5 7
0.11553674295660969 6 15
-0.01433738968315883 2 13
0.048045200629285995 8 13
0.044346816138968785 3 7
0.15658374843695552 4 19
0.20952287056989807 5 11
0.26598877590709563 7 15
0.1400533676330383 3 10
0.018455058185193104 5 8
0.014007407112976343 5 17
0.05971347978934789 9 13
0.09178557250192726 3 23
0.0512934872591779 5 17
0.0045725551261147765 2 16
0.03879913497010559 1 17
0.05843333534342399 9 17
0.019996078548664288 2 6
0.18036543448109513 0 5
0.23096208592132503 9 21
0.11001426270991493 3 8
0.11844244572162997 4 11
0.09317842929016619 2 10
-0.007733371654238914 6 11
0.02051529790660225 5 16
0.18500353481795687 16 26
0.12491692496718881 5 19
0.053000255143460226 4 12
0.04735590847874508 5 20
0.07109616882253497 8 19
0.026829442421646317 11 17
0.2261648646576183 5 16
-0.018820943157476233 5 26
0.019375040480992346 3 11
0.09592892522997094 7 16
-0.0028134768561004276 7 19
0.07708906729114937 5 15
0.008549397163863822 7 12
0.03133509399655722 5 15
0.0909391789768653 4 20
0.09830810854900655 5 24
0.11500608192479649 2 24
0.03516442149982529 4 7
0.0618953394502889 5 13
0.2050252813340658 5 10
0.14257699061831647 8 19
0.07858910266121295 2 18
0.07748371704400175 8 20
0.060835305724794154 4 11
0.05987551096246745 5 14
0.09917452935798264 8 18
0.056465273856578194 7 22
0.1753446104400124 9 15
0.2712588701140864 4 8
0.018626721144721033 1 21
-0.008566191598398956 5 18
0.335924092957341 3 6
0.0012156438163618707 2 16
0.027029768243825764 4 14
0.04185189635147582 3 9
0.10359552366673802 0 13
0.06381403377977943 3 19
0.19546133850297187 5 16
0.018798043819018027 4 9
0.06358698242756212 1 18
0.18066704942846712 2 4
-0.010149318256276199 3 6
0.05028375526240592 7 29
0.05546565102220653 4 21
0.14051053407349287 3 14
0.07554600787683494 5 8
0.13730399473574395 3 10
0.14511504355638893 7 11
0.03007076180064156 3 14
-0.0068537159991433295 4 9
