0.27395979429640027 3 18
0.4916841152122865 3 16
0.31473419105445033 5 14
0.1886514369933678 7 19
0.06915547745820232 12 20
0.0606912937648218 8 21
0.08432147562582344 9 17
0.21230942970073402 5 18
0.13729977116704803 0 10
0.10915818686401482 1 15
0.16645386734762446 8 27
-0.017620061098321912 3 11
0.12942277770047184 6 22
0.15151515151515157 6 22
0.0869565217391304 4 10
0.04347826086956525 9 13
0.1382751247327156 7 22
0.042023086150276286 12 18
0.07241101924015242 3 14
-0.013433982263490844 3 21
0.03377710941070664 11 24
0.424984690753215 1 10
0.042166039716560265 3 29
0.07149758454106284 9 23
0.033444816053511725 5 9
0.34324942791762014 2 8
0.16240446240823986 2 19
0.16047034582503686 5 14
0.28641304347826085 13 37
0.14148857774502585 5 18
0.005491990846681928 2 8
0.26293995859213243 3 12
0.05833781167097441 4 18
0.09990749306197971 1 18
0.0933831185150612 3 7
0.10939691444600286 1 10
0.15768115942028993 10 23
0.26385679340780743 4 14
0.010869565217391313 7 14
0.014949794103263756 2 9
0.04347826086956525 0 7
0.002536960895809616 6 14
0.30524451617965187 3 13
0.050178627017892344 6 14
0.1550094517958413 2 14
0.1905869759451655 1 14
0.053511705685618756 6 14
0.2824587706146927 13 34
0.10217391304347824 9 18
0.10322170125972961 3 15
0.18012422360248453 8 23
0.2354515050167224 9 18
0.16791604197901053 3 19
0.10360968584030968 8 15
0.03375087176853842 10 22
0.07078659740733742 0 6
0.046822742474916385 12 24
0.22456732798649223 10 28
-0.010067492085284128 6 21
0.20460358056265987 4 17
0.1621621621621622 4 13
0.06732117812061712 8 16
0.14545454545454545 6 18
0.07839568587799127 4 6
0.2272089761570828 2 13
0.010869565217391311 2 7
-0.014559006211180071 0 15
0.07262906898418484 6 11
0.16521739130434787 8 18
0.04658385093167703 9 17
0.030690537084399 6 13
0.19092627599243858 3 11
0.13116521539011866 5 24
0.20728008088978772 11 27
0.04658385093167702 11 18
0.3631391851244189 11 26
0.020066889632107038 8 11
0.043478260869565244 0 10
0.3339920948616601 8 19
0.1529790660225443 3 16
0.04347826086956522 14 20
0.12854442344045366 12 20
0.17036379769299026 1 13
0.14031620553359683 3 14
0.1891042430591932 7 18
0.019762845849802386 9 17
0.13695652173913042 6 15
0.18463371054198924 5 19
0.038815800198888195 7 21
0.14422126168884372 7 20
0.008580477972934012 3 11
0.01962651859807689 8 18
0.1609232420826624 2 10
0.05554569653948543 0 4
0.04595408375633148 4 13
0.3025011769351092 1 14
0.12290840669309856 7 16
0.08695652173913049 0 3
0.14631725233273774 3 11
0.18550724637681154 4 12
0.17523056653491437 2 16
0.13198757763975155 12 23
0.4284712482468444 3 16
0.24786672084518485 7 23
0.2468944099378882 7 16
0.08695652173913045 9 14
0.05533596837944667 2 6
0.10869565217391305 1 10
0.3867071840423875 5 14
0.0153452685421995 9 14
0.18322981366459626 0 6
0.08937198067632854 3 14
0.1260869565217391 5 14
0.21302865371990093 4 16
0.07453416149068325 9 24
0.17588932806324112 3 24
-0.0040997888608736 3 12
0.24776652769505667 9 23
0.18241965973534974 14 31
0.13263847528290645 2 16
0.048720887869982826 5 20
0.15612648221343875 8 17
0.11594202898550729 3 9
0.04606217701048234 10 22
0.17391304347826092 1 14
0.02404387314873245 7 15
0.17391304347826092 7 24
0.18219461697722572 3 7
-0.004234775757160613 4 13
0.08884688090737243 10 22
0.20144927536231885 4 16
0.047430830039525695 5 13
0.059288537549407126 0 10
0.2918201915991157 6 14
0.142912353347136 10 24
0.1689909762100082 7 19
0.2881987577639752 4 16
0.08141733215025143 3 13
0.029550159984942644 8 15
0.034370043327875965 4 20
0.2630992196209588 5 17
0.13768115942028988 11 19
0.13511705685618727 7 22
0.07719437623381002 5 18
0.027173913043478277 3 11
0.10830371217066351 8 22
0.2256992522846858 0 18
0.23966065747614 5 19
0.11956521739130438 3 14
0.39780109945027486 12 23
0.27186406796601703 7 21
0.08134642356241237 11 18
0.20807453416149074 3 12
0.35884874464176353 7 15
0.08905501205534395 2 19
0.26086956521739135 0 13
0.06956521739130433 6 32
0.2053431115767418 7 24
-0.01819012989866795 6 22
0.11250439470291813 6 18
0.2564667033571822 11 22
0.01424224717025895 4 17
0.19277108433734946 6 23
0.13682864450127877 13 25
0.04637681159420293 8 18
0.01337792642140469 9 11
0.2799285288862418 3 17
0.06521739130434782 0 7
0.045071932544224425 3 17
0.0830022138386432 1 12
0.21946169772256732 2 15
0.13453650533223963 3 16
0.111531190926276 4 17
0.04347826086956525 3 4
0.23996577156595084 7 16
0.12617220801364026 7 20
0.046376811594202906 7 18
-0.011911852293031518 10 25
0.1656314699792961 6 18
0.13526570048309178 5 11
0.04728761896476187 9 18
0.35579958592132505 7 11
0.3294055774134063 4 19
0.10525705001740746 3 17
0.22173913043478266 9 19
0.06343180492596723 2 9
0.1713925645872716 4 21
0.2135549872122762 8 21
-0.009174657954041822 9 19
0.11956521739130435 9 15
0.10980204533221698 7 17
0.017391304347826098 4 8
0.19452188983497853 5 24
0.2095509622238062 1 13
0.014492753623188415 7 10
0.0648723257418909 11 16
0.0513833992094862 5 12
0.07285546415981195 10 19
0.20496894409937888 4 8
-0.018087426594358486 9 18
0.06625258799171845 6 11
0.36733035351483134 8 21
0.3289667562690876 0 19
0.2911577918905716 3 14
0.1694915254237288 6 17
0.01565154112805787 4 17
0.17963386727688793 5 21
0.030365769496204287 1 14
0.49577336767156505 2 19
0.22823300538032076 5 24
0.0998389694041868 3 11
0.24096385542168675 6 19
0.2532178355266811 8 24
0.2034454470877769 9 17
0.20553359683794467 9 15
0.033154297513101 3 16
0.1863354037267081 2 19
0.238488159465627 7 19
0.06506321307431388 6 14
0.21558026590549698 0 7
0.16925465838509315 4 16
0.32661717921527045 9 25
0.14616096207215537 6 16
0.07012622720897618 10 18
0.07561436672967864 5 11
0.039355735583145555 4 20
0.2381511946729338 4 24
0.14492753623188406 0 14
0.1402579106369404 4 19
0.08152173913043481 5 15
0.19672131147540986 3 18
0.12296237581252108 11 20
0.05593534469662445 10 26
0.07773563180212799 8 26
0.09895052473763127 8 14
0.2923913043478261 3 16
0.07583980994134912 4 15
0.25013419216317767 10 24
0.08373590982286638 8 14
0.16747181964573268 6 11
0.14246068455134134 15 22
0.14445966142533223 7 22
0.008994463555252994 8 20
0.11452810180275723 1 14
0.013320453121816064 4 11
0.05822981366459625 5 11
0.009840938101220543 1 12
0.11899313501144167 0 6
0.1250153143219539 5 12
0.13399857448325023 6 19
0.4094661529994497 3 12
0.026604892063042465 10 21
0.09264355164190058 1 13
0.17912606473383044 9 23
0.13526570048309183 7 12
0.025236872398831156 1 9
0.1449275362318841 10 21
0.05217391304347827 9 15
0.02371541501976286 6 9
0.05280773656755157 7 22
0.132618380967475 2 19
0.09006211180124227 3 12
0.026086956521739146 7 14
0.13797101449275362 7 25
0.19281663516068054 4 18
0.06839435265303974 9 21
0.09683794466403164 8 21
0.5252883762200532 3 17
0.10111223458038426 3 17
0.03381642512077297 10 13
0.024221182785892074 7 21
0.308300395256917 3 11
0.2376811594202899 6 21
0.10869565217391304 8 14
0.10167802231916738 1 16
0.08695652173913047 0 19
0.24456521739130435 1 10
0.16053511705685616 12 19
0.11618628887803292 11 21
0.027173913043478284 6 11
0.12367149758454112 5 16
-0.007832352838792767 4 21
0.0652173913043478 9 16
0.09250693802035151 9 21
0.10348781653129477 4 20
0.08695652173913043 10 16
0.007246376811594207 9 11
0.13183730715287523 4 12
0.01848047368151344 5 16
0.016240636117930165 2 17
0.22222222222222224 5 8
0.3569399554093602 3 19
0.029959502310492044 4 9
0.10762068194982895 13 19
0.057079152731326625 9 15
0.27118499573742544 2 16
0.2712873392154779 9 15
0.1830445159281934 3 21
0.17551375628758956 6 23
0.41083000892120725 2 18
0.02484472049689443 11 16
0.052173913043478244 10 16
0.18316373728029595 7 14
0.26376811594202904 1 12
0.3864734299516908 1 9
0.2173913043478261 12 25
0.1565217391304347 0 8
0.08695652173913046 9 18
0.0 4 11
0.05652173913043479 5 11
0.369034994697773 4 17
0.03952569169960475 5 15
0.31069858329262334 2 15
0.06911928651059084 12 21
0.11265411614647461 3 16
0.2236024844720497 5 12
0.09109730848861283 9 12
0.07328078433557088 2 15
0.07215541165587423 2 19
0.30200848012909726 4 14
0.25350036845983787 3 14
0.10200668896321073 12 24
-0.00626837331137118 3 12
0.045368620037807186 7 14
0.18925831202046042 8 23
0.1808318264014467 0 7
0.030516375775068615 4 14
0.14198302236394197 0 8
0.5265692886711766 3 12
0.09937888198757769 0 7
0.1863354037267081 7 21
0.23602484472049692 5 26
0.017391304347826098 8 12
0.08152173913043481 10 17
0.34326926371329697 5 14
0.24764255426871715 0 12
0.12560386473429952 3 10
0.16861081654294804 4 23
0.01736339533122027 4 16
0.2795031055900621 8 14
0.062111801242236024 6 15
0.21224871435250114 10 26
0.28334147532975085 2 15
0.3307198859586601 7 23
0.028985507246376836 7 14
0.2484472049689441 2 12
0.29982117119088963 2 20
0.20863194776238253 1 12
-0.02055124018369201 8 20
0.21790281329923278 6 21
0.30323299888517286 3 13
0.04554865424430645 7 13
-0.009166904891845799 1 12
0.012116456302286326 0 11
0.08976157082748949 7 14
0.027173913043478277 5 12
0.4371487725524993 4 20
0.16798853320592447 5 12
0.16103059581320453 5 19
0.1422924901185771 5 16
0.2073578595317726 1 9
0.2292313664596274 3 16
0.18193979933110374 11 21
0.07671943797186367 10 19
0.09275362318840581 5 8
-0.010351966873705981 2 8
0.02371541501976286 8 16
0.18306636155606407 2 10
0.1571796456162784 7 13
0.18679549114331723 4 15
0.0869565217391305 5 14
0.016919447253117576 0 11
0.17119565217391305 4 10
0.13994565217391303 2 20
0.066562374802068 5 27
0.3714555765595463 1 13
0.09537166900420763 7 14
0.05855689176688252 6 16
0.02898550724637683 1 4
0.01043060362695175 5 14
0.01168307264228376 6 17
0.15689981096408323 7 16
0.1554116558741907 3 14
0.10949129921461935 3 16
0.10241545893719804 4 17
0.015810276679841907 6 9
0.19693094629156013 8 12
0.286856571714143 4 20
0.2360248447204969 1 16
0.05217391304347829 3 8
0.16869565217391305 3 14
0.013160752291187109 3 13
0.20607504466944615 5 18
0.08260869565217388 2 24
-0.015706159380687885 4 8
0.23133716160787535 8 15
0.12961443806398693 6 19
0.22805578342904018 6 15
0.054347826086956555 5 13
0.15821256038647344 6 20
0.12223092475546897 3 17
0.10434782608695659 6 13
0.06956521739130435 7 21
0.2331581462016245 12 29
0.19615773508594536 4 11
-0.008416945373467178 9 18
0.1910840932117528 4 19
0.28148812191842226 1 15
0.01947423438770369 4 21
0.2222222222222222 7 24
0.021739130434782625 13 16
0.20442410373760486 2 14
0.09661835748792275 5 17
0.4033857856663435 8 18
0.13427460992024576 0 14
0.21159420289855074 8 17
0.13367942894224533 12 27
0.15115148670845768 9 25
-0.001647327285461179 9 19
0.0750805152979066 4 18
0.19578465337872633 9 20
0.024938356378164106 2 18
0.07677766467936604 8 18
0.456335934596804 7 19
0.04743083003952567 14 16
0.17054154667415888 6 18
0.30466371925410424 2 14
0.24997895941692336 3 13
0.14431082331174838 11 19
0.019110589537357763 6 9
0.15449203177446819 3 15
0.21739130434782605 3 19
-0.0017288851892168884 6 15
0.1627647714604236 8 15
0.1478260869565217 4 13
0.21310471524800978 0 16
0.12141099261689907 4 20
0.23027375201288247 8 15
0.12631462611348115 10 20
0.09810479375696769 4 16
0.08695652173913045 5 11
0.001711742553919961 5 11
0.29728725380899296 6 21
0.0961798907205903 13 27
0.06451612903225812 12 18
0.03530515173846049 10 23
-0.0051002373377771245 6 10
0.10652173913043478 4 14
0.23255813953488375 5 20
0.06427221172022687 4 11
0.35894716806699833 3 12
0.07149758454106285 3 21
0.121376811594203 1 15
0.20926244690390014 2 10
0.09440993788819876 4 15
0.28881987577639756 1 12
0.030690537084399 6 12
0.2229654403567447 6 20
0.30409963818278296 6 23
0.2376566251336242 5 21
0.08291203235591506 12 23
0.11835748792270534 0 11
0.07536231884057976 2 12
0.035573122529644285 4 13
0.11148272017837235 14 20
0.07520564042303172 3 16
0.10766045548654236 3 14
0.14402173913043478 4 11
0.13154960981047933 1 12
-0.0011799641791391934 7 14
0.3304347826086956 10 15
0.09582963620230699 7 19
0.0973214589707049 6 25
0.09017713365539452 6 13
0.04057971014492752 8 11
0.0492753623188406 14 20
0.0372670807453416 15 20
0.11062522649659359 5 20
0.20173913043478262 9 13
0.11739130434782612 3 14
0.06020066889632106 6 8
0.040920716112532 5 11
0.3245181532944867 6 18
0.07520564042303178 7 19
0.14025245441795242 3 12
0.1304347826086957 4 11
0.14492753623188412 2 14
0.23112128146453084 1 15
0.016003989663145493 10 20
0.08432147562582346 6 15
0.17069156195798163 7 21
0.11699604743083009 8 20
0.2999263080324244 4 21
0.10702341137123743 10 14
-0.02194616977225677 6 11
-0.004578212274015911 3 14
0.0782670911145906 6 22
0.20082815734989642 0 8
0.04914933837429114 6 13
0.4504232571865423 3 7
0.18550724637681157 7 15
-0.005590695259622276 10 22
0.038367846512718407 4 12
0.18529740769729483 1 13
0.09326513213981244 3 9
0.3277591973244148 1 15
0.25199645075421473 5 12
0.403225806451613 2 17
0.3097826086956522 9 18
0.23188405797101447 6 11
0.09262759924385627 7 19
0.06688963210702345 2 6
0.08995502248875564 3 12
0.22163692114159916 1 17
0.06973630378993563 1 18
0.2028985507246377 3 8
0.13600891861761427 3 14
0.3363412633305989 8 13
0.053295932678821885 13 19
0.0708406534880826 1 14
0.11197585372546087 4 11
0.07630878438331855 14 25
0.0959793471870767 4 18
0.08026755852842804 3 7
0.14348726257989014 7 18
0.20534311157674184 5 23
0.2097866594652984 8 15
0.2810559006211181 7 14
0.012122443451171623 3 13
0.02278810677855752 3 14
-0.019223498618583724 7 16
0.18385093167701866 7 20
0.03864734299516911 9 17
0.12143928035982011 7 21
0.13319833234067896 4 18
0.08695652173913049 0 9
0.038335981510905705 1 7
0.10727005145821028 2 10
-0.023184573822428587 5 16
0.1756521739130435 0 13
0.019069412662090023 4 6
0.29736983360171765 8 18
0.03780718336483935 11 16
0.19565217391304346 12 25
0.105072463768116 3 18
0.1630434782608695 1 6
0.2062111801242236 8 14
0.35748792270531393 3 17
0.17091454272863565 2 16
0.05949656750572083 2 10
0.09433912595967932 3 13
0.09903381642512077 9 18
0.23745819397993315 12 17
0.16887208569628231 5 18
0.13834105821495804 6 14
0.24982746721877153 2 12
0.0993788819875777 8 16
0.1314009661835749 3 14
0.23631713554987216 7 19
0.20401337792642146 6 14
0.22625530064585106 4 20
0.12725344644750794 17 23
0.031055900621118036 4 9
0.2816353017521091 6 16
0.10524332147379845 0 12
0.2705314009661836 2 14
0.21328958162428216 6 17
0.26708074534161486 8 15
0.03572454970410385 16 23
0.12238325281803553 4 18
0.12315785020237209 8 21
0.16977225672877846 6 18
0.23505434782608695 8 17
0.03032906039381525 1 10
0.16676593210244195 9 24
0.043478260869565244 4 8
0.1614906832298137 10 15
0.013759160953383864 3 8
0.16053511705685625 4 21
0.2603193973083949 3 16
0.20592547257462535 3 19
0.278706800445931 1 11
0.08976157082748944 5 14
0.10724637681159428 1 11
0.03224603141708462 5 20
0.11484823625922892 9 23
0.05797101449275361 10 15
0.16996047430830044 4 12
0.050974512743628214 1 14
0.012860493286255523 1 15
0.2360248447204969 2 20
0.13768115942028986 5 17
0.22028985507246376 0 4
0.16451233842538188 3 11
0.09661835748792275 15 26
0.22926608386760475 8 22
0.04560670265668239 1 9
0.019074984594395706 11 21
0.13712374581939793 8 12
0.15458937198067638 4 7
0.2202898550724638 7 19
0.05533596837944665 8 13
0.16018306636155605 5 18
0.13125512715340446 9 21
0.33554987212276216 1 14
0.22930572808833685 3 19
0.1777777777777778 0 11
0.09937888198757772 1 14
0.013056756318142255 6 15
-0.02012172436219665 4 17
0.10939691444600279 6 14
0.17701863354037273 6 17
0.3141082519964508 6 18
0.21031344792719925 1 20
0.06824539549398495 2 16
0.13965744400527005 4 19
0.0913780397936625 11 28
0.08361204013377929 2 10
0.2001653379706232 1 14
0.1537008354659964 4 20
0.09400705052878965 10 18
0.14842578710644677 4 18
0.06521739130434788 5 13
0.1262939958592132 0 12
0.06441223832528184 2 12
0.22086956521739132 0 18
0.24561403508771926 10 16
0.003725567885433819 0 7
0.24305919329491882 6 20
0.12173913043478266 4 17
0.17952314165497893 2 8
0.3093821510297483 9 24
0.0772946859903382 15 22
0.18524432555994164 3 22
0.12732919254658384 9 13
0.1525302922309337 9 21
0.26012055213953633 4 16
0.1027667984189724 3 9
0.25944404846756947 3 12
0.03826086956521742 11 17
0.28125 3 11
0.2090656799259944 3 12
0.06621177576216837 5 16
0.19506462984723855 4 10
0.14699792960662528 5 15
0.48996655518394655 3 11
0.09595202398800606 10 15
0.14560161779575326 4 16
0.028497923481201063 9 16
0.43829600351339476 9 18
0.17865612648221346 5 15
-0.025741962096344186 3 21
0.11379565787224344 6 17
0.025912023032909445 16 23
0.046376811594202934 10 18
0.08695652173913038 10 21
0.10069796701584544 9 23
0.0956521739130435 5 9
0.24248426227158226 0 15
0.05279503105590064 8 16
0.136231884057971 3 10
0.24196548920005795 5 17
0.0910010111223458 4 16
0.07004830917874398 13 20
0.12862661296950773 4 10
0.10997442455242966 3 12
0.15601023017902813 0 10
0.02839801793260482 4 12
0.09565217391304351 7 18
0.2220916568742656 6 19
0.24134871339840283 3 13
0.11538461538461538 7 19
0.10998202310085362 4 6
0.2028985507246377 5 18
0.1449275362318841 3 16
0.08043734921205277 2 11
0.03646493880957799 10 16
0.16949152542372883 8 21
0.059040667799240755 7 15
0.23798627002288333 6 16
0.05072463768115945 5 13
0.26269874771352186 5 23
0.20037807183364836 5 21
0.41581027667984183 0 19
0.09006211180124225 4 12
0.09364548494983282 3 6
0.05351170568561876 6 16
0.09968186638388123 5 17
0.01967998919794765 5 20
0.17989476599279977 8 25
0.2410373760488177 5 14
0.1215124145244451 4 20
0.13549039433771495 2 14
0.08300395256916998 6 11
0.2946859903381642 4 13
0.18424451140766257 11 29
-0.013189035433727047 3 11
0.02371541501976286 6 9
0.12037357315807669 2 16
0.22342995169082133 14 23
0.08695652173913043 3 16
0.1832298136645963 8 11
0.1976284584980237 11 16
0.030690537084398995 12 23
0.12518045494153915 15 29
0.3957462514179377 8 26
0.08026755852842812 5 13
0.12187101362888997 4 19
-0.0055711216045874696 8 19
0.05070156672749006 5 19
0.20869565217391306 6 16
0.08995502248875561 5 12
0.1844532279314888 5 10
0.018357487922705217 0 8
0.023922950353632382 6 19
0.19281663516068057 9 17
0.1926683716965046 1 11
0.06487655169790786 1 14
0.059627329192546596 10 19
0.14715719063545152 9 19
0.05000824492936844 6 10
0.12560386473429952 10 20
0.023516629779870738 13 29
0.012849868502042432 5 24
0.18800407898396224 5 14
0.044553272814142404 5 11
0.03381642512077297 9 13
0.0869565217391304 11 13
0.20689505026573615 2 14
0.0895140664961637 6 15
0.13550870440031496 5 19
0.18115942028985504 3 16
0.1664167916041979 7 19
0.02675585284280938 8 10
0.0869565217391304 6 14
0.2063375092114959 8 17
0.13043478260869557 0 1
0.1370204233055225 6 15
0.005135471992801082 5 12
0.0 6 8
0.033444816053511725 3 8
0.0608695652173913 15 21
0.045401803165778326 6 21
0.043478260869565244 0 8
0.2608695652173913 2 5
0.0731091441433818 6 19
0.2716170004885198 2 16
0.3068630973769314 3 20
0.03043478260869564 11 16
0.13367300186369854 7 19
-0.0021921812203142418 1 14
0.0 1 3
0.058521059299774456 5 17
0.0794737614319949 3 14
0.14645308924485123 9 15
0.07453416149068325 11 19
0.16281221091581863 3 13
0.1821946169772257 7 19
0.10033444816053516 7 12
0.023047892613110032 7 14
0.07246376811594202 3 6
0.17681159420289858 5 18
0.2059496567505721 8 27
0.13025564086559055 3 15
0.13043478260869568 6 15
0.2030547441253003 2 10
0.08478260869565216 6 17
0.07750472589792065 8 22
0.13207002261626694 3 23
0.06788037945737 1 8
0.20869565217391303 0 4
-0.003572632288506873 5 16
0.14448160535117058 10 24
0.32625858375888583 16 32
0.21621621621621623 0 22
0.03381008741283666 8 17
0.2939508506616258 5 23
0.09145323567894363 6 23
0.20338983050847453 4 15
0.0 6 8
0.014682373099164755 1 18
0.18903591682419663 5 12
0.09468599033816424 3 18
0.12111801242236028 6 12
0.18185651604080005 6 15
0.040133779264214076 1 7
0.096952120324827 2 23
0.3865898376113149 8 18
0.15873272280693032 10 24
0.09222661396574444 2 13
0.14046822742474918 6 19
-0.012126335777090946 5 14
0.05638304287523369 5 19
0.18729096989966562 2 13
0.06354515050167228 3 13
0.1418132470379456 6 18
0.0 3 6
0.1352657004830918 6 18
0.18541343167701863 6 13
0.26116797258343866 6 17
0.021739130434782622 8 10
0.09347826086956527 7 20
0.10180275715800635 17 23
0.03661327231121285 8 13
0.06242310143939284 4 11
0.034763241987024344 12 18
0.24446267432321572 1 11
0.04131686119263756 5 14
0.12350346565847509 8 16
0.021739130434782625 13 16
0.08423913043478265 8 16
0.06441223832528184 2 12
0.05072463768115945 4 7
0.19565217391304354 8 15
0.12395929694727112 0 14
0.4336343232945353 0 9
0.12765957446808515 2 14
0.13810741687979536 4 12
0.15780998389694043 8 14
0.3413631022326674 0 27
0.1956521739130435 7 21
0.07487922705314014 3 16
0.1979933110367893 6 19
0.07561436672967864 5 11
0.08454106280193241 4 17
0.2771739130434782 2 18
0.036613272311212836 5 12
-0.019109396914446016 10 24
0.1262939958592133 10 17
0.22712264498900875 5 19
0.1214833759590793 1 21
0.11921458625525952 9 23
0.09364548494983282 4 21
0.11764705882352944 3 18
0.3778851315083199 10 17
0.05115089514066499 3 9
0.31126482213438733 6 19
0.2060041407867495 20 32
0.09327353430395748 3 19
0.10869565217391311 5 16
0.010207298648443932 12 16
0.0004287237849578229 1 19
0.14448160535117063 8 22
0.10538192732809701 6 23
0.2821461609620722 9 23
0.27605244996549355 5 16
0.08695652173913039 5 12
0.16985983394339785 7 19
0.09316770186335399 3 6
0.1739130434782609 9 24
0.0805152979066023 1 10
0.04347826086956525 0 5
0.037267080745341595 9 11
0.10892272390467769 7 22
0.3126734505087881 4 16
0.14014342309813949 4 23
0.2951251646903821 1 5
0.04891304347826091 7 10
0.0767263427109975 4 14
0.23244147157190637 2 13
0.10724637681159424 13 27
0.10671936758893283 3 9
0.21864764212321083 11 27
0.2707509881422924 2 14
0.0527950310559006 10 17
0.33195810853697233 6 26
0.394723986321446 10 18
0.051668269059573425 6 12
0.07826086956521745 1 19
0.023715415019762865 9 16
0.10862456152652065 11 18
0.34239130434782616 1 12
0.08385093167701863 6 14
0.29015084294587395 3 16
0.07728978150518644 3 16
0.2554347826086956 2 5
0.13128729752770668 1 16
0.009335822886103002 1 10
0.1480111008325625 6 16
0.11739130434782617 2 14
0.10755181415503429 6 16
0.08695652173913049 0 10
0.421875 4 19
0.06086956521739127 3 6
0.09262759924385634 5 20
0.229547661164829 5 12
0.3731041456016177 7 31
0.05533596837944667 2 6
0.34692962796952037 4 16
0.029333133592228538 3 19
0.014642937598558252 8 22
0.43478260869565216 4 8
0.08695652173913047 3 15
0.07826086956521744 1 4
0.0493537015276146 9 21
0.08967391304347824 9 16
0.13799621928166353 12 19
0.030690537084398995 6 12
0.05512117890634518 7 18
0.07635206786850478 5 18
0.06441078103482194 14 24
0.1111903064861012 8 22
0.13586956521739135 4 7
0.18283166109253063 3 12
0.11750881316098712 5 25
0.007905138339920953 8 10
0.0334448160535117 14 19
-0.01952163983981117 7 20
0.08133407906743989 5 19
0.3061881757533931 6 20
0.08695652173913042 4 8
0.1971014492753623 4 13
0.015613811694644557 3 25
0.09275362318840583 7 15
0.27075098814229254 4 14
0.1598877980364657 13 24
0.22173913043478258 9 18
0.3668212407101418 14 23
0.10652173913043474 11 20
0.19338092147955876 3 15
0.04914933837429113 9 15
0.018903591682419674 11 18
0.43072463768115954 7 20
0.14009661835748788 9 15
0.2635046113306982 7 10
0.35927086043077955 0 10
0.010368004002867403 0 8
0.13410502540937325 8 17
0.15391282125356953 7 20
0.2383252818035428 5 15
0.15584415584415587 9 26
0.17127799736495392 5 19
0.07269695803747361 4 22
0.014492753623188415 4 10
0.0852215552239842 5 13
0.1357370095440085 3 14
0.12276214833759584 1 5
0.08347826086956522 4 12
0.04118282473669997 1 10
0.08695652173913045 4 10
0.03804347826086959 2 9
0.12915901204327418 5 18
0.22608695652173913 9 16
0.11280846063454757 5 14
0.2104835432750914 6 28
0.1678108314263921 10 20
0.13380630522665896 5 16
0.11366121800904405 4 20
0.03751527661272339 13 26
0.3182608695652174 6 12
0.14883827927306187 3 10
0.24802364193080081 4 12
0.16205533596837943 0 15
0.04591992026142483 1 17
0.1561668145519077 8 17
0.1821740391655498 2 21
0.024391654590264485 8 18
0.3654244306418219 2 12
0.11111111111111109 3 12
0.007061569886197868 7 16
0.20289855072463778 9 20
-0.00796997583386995 1 13
0.07509881422924905 9 22
0.22801932367149752 4 11
0.2738205365402406 5 20
0.23024231746889057 2 14
0.15838509316770183 0 13
0.07867494824016559 6 11
0.012336093857832985 9 18
0.08876811594202903 9 22
0.0869565217391305 5 11
0.03203661327231124 10 14
0.1887141535615171 8 25
0.08856682769726248 20 30
0.11488526570048306 0 6
0.1583379259325459 7 25
0.2806324110671937 5 18
0.012422360248447211 1 6
0.2633900441083806 5 15
0.17320788617022304 4 16
0.19545394476014272 4 15
0.4486956521739131 5 19
0.0779610194902549 7 15
0.0670807453416149 8 18
0.06625258799171847 4 11
0.09141583054626536 10 19
0.20415879017013233 5 24
0.4765526242065201 3 11
0.29719317556411673 0 15
