0.4578094228147251 58 134
0.41678638941398866 59 122
0.5190037431615319 42 105
0.4612030268051815 39 80
0.48695652173913057 42 88
0.42184974049178936 24 90
0.5135869565217391 37 166
0.5114207602081313 30 136
0.5965690624075719 45 122
0.37819785759294267 59 143
0.4537046879982992 43 88
0.38772883295194516 33 116
0.44397993311036793 51 128
0.5505105645109498 37 118
0.5042155728219541 49 137
0.4525593219416334 46 134
0.48644626342085673 27 117
0.497707509881423 42 78
0.39072720277029627 63 136
0.5348913043478261 49 134
0.4533463605276013 60 110
0.4264264264264264 59 118
0.3870967741935484 57 121
0.6276645694431401 40 115
0.7083388396986916 41 102
0.12991923010826603 39 104
0.4416122934325264 21 123
0.40053992611537376 48 137
0.5087334593572779 38 120
0.4893402719489676 42 116
0.5909782608695655 48 118
0.4010628019323672 51 165
0.40501896702655393 46 94
0.29179552483172644 28 82
0.43144424131627057 43 113
0.48505461896870355 35 114
0.4846854923053937 27 130
0.49504195270785645 25 121
0.3760159136118216 38 139
0.5071964928651285 54 117
0.46510462348076687 62 102
0.34140185843753584 41 105
0.5094828041629246 34 133
0.48296630905326554 49 134
0.3901437371663244 70 132
0.6071671195652174 41 90
0.38451362554017104 47 115
0.50147741663149 29 106
0.47922316507742113 54 107
0.4652773154004927 47 132
0.5222613918266092 28 70
0.5348792270531401 31 106
0.404421518054532 30 77
0.456549935149157 22 120
0.31896715397759634 58 120
0.5340369904134792 49 137
0.3709528214616097 36 97
0.4680116517423671 36 96
0.3155898686170934 38 94
0.28669071577748245 11 56
0.5408385093167701 60 114
0.5463705915282703 36 127
0.45392208575088544 37 108
0.42197997211306876 45 131
0.39300937766410915 20 109
0.5034917774273485 50 126
0.46782279937535964 48 115
0.369201686782027 26 117
0.3512750836120402 56 168
0.33051347629352734 18 61
0.24664770418529058 49 128
0.6105293635091446 55 149
0.46590993841341277 31 103
0.4380257423735685 60 112
0.5480381760339342 39 133
0.46416585875158467 22 86
0.48955392433653316 57 120
0.509745127436282 53 132
0.514562526164703 32 109
0.5106551428382925 30 111
0.39523649028199087 48 103
0.4666535510525279 43 98
0.5554266623358544 57 155
0.3931350114416476 28 128
0.5251675237649993 36 119
0.5314331187151848 53 113
0.508671893561416 37 92
0.4476650563607086 44 124
0.3979456300363057 39 122
0.47286670566062267 44 133
0.6602371541501976 29 116
0.3882709807886755 29 113
0.3870223978919631 37 85
0.5246137261947538 36 95
0.40472589792060487 25 92
0.33745059288537554 28 97
0.4016705198001342 54 135
0.5366307671852149 35 97
0.5858812529219262 34 89
0.4366360336705536 58 127
0.4170157446193845 54 127
0.6840261188087275 31 122
0.31805850868832025 41 132
0.6775546237033768 39 114
0.5188645346748113 44 116
0.29622551361681804 47 93
0.5500245046558847 58 143
0.686168085471062 31 94
0.4972798885842365 54 160
0.3914289273701258 40 103
0.4793517219884681 45 121
0.4077082337951902 32 103
0.46983044425499665 46 107
0.4762845849802371 42 127
0.5731756665617553 37 121
0.3351870576339738 42 127
0.4893203883495146 45 160
0.4328867542972699 54 144
0.402387041773231 54 119
0.336359292881032 60 124
0.5300969147328177 39 101
0.41365217391304343 47 174
0.5446859903381642 15 86
0.5625602708459078 36 128
0.45414042095559976 47 93
0.4826637314254265 46 93
0.36237523261715443 52 121
0.41741953698475437 30 105
0.35393067896628905 33 123
0.5304081088290209 35 112
0.42366487988882284 28 96
0.397194950911641 45 114
0.5413840394380816 38 153
0.5243902439024392 32 118
0.47082379862700235 53 91
0.538285975122675 67 153
0.4679721208098241 34 117
0.5221014492753624 33 104
0.48161708619374516 41 111
0.5029705644072373 43 121
0.5733317185418433 37 74
0.3572670807453417 20 82
0.5842523003441739 39 103
0.46352696478977856 48 138
0.26126392586019925 37 121
0.4655485525050742 32 87
0.31414022718370543 61 116
0.31223124701385574 46 108
0.47402111563721006 60 135
0.3998988877654197 61 105
0.5956150130063171 40 98
0.36086956521739133 37 93
0.5338675618604147 28 118
0.6237862576535345 45 113
0.3768544088369405 52 152
0.44376572044556234 59 120
0.5149574259663928 33 104
0.426023484608061 75 160
0.3593994369721613 19 79
0.6634844868735084 49 156
0.5473525613430908 47 124
0.4323400097703959 35 86
0.5219803413133932 38 123
0.3976773828069679 29 83
0.5089061136491967 40 143
0.614044908876034 32 113
0.5437549966176741 43 121
0.5577718540307014 43 159
0.43619653587840224 42 107
0.4633806091606603 34 88
0.37812210915818695 45 104
0.3882560564736083 43 129
0.5848641747641675 43 109
0.528604118993135 58 121
0.49961861174675815 35 73
0.47108623905868846 43 124
0.3761745500875936 63 90
0.3727801592161664 39 127
0.4976412087211526 37 124
0.4169148302561048 44 132
0.49682176455631827 48 107
0.488110635757636 47 98
0.5889776200335207 24 101
0.3099455563223679 45 135
0.5031016042780748 56 117
0.42692758216771165 18 101
0.5228208862076138 45 166
0.5349077347328012 48 102
0.41057060603823736 30 115
0.5362077696592634 39 116
0.43145942952090827 43 121
0.5031439780727683 51 139
0.33201581027667987 46 130
0.4708523535134326 40 115
0.46301392201227104 64 154
0.3439784532512504 55 136
0.5454415649318197 28 108
0.4927081913588661 21 102
0.4284693269803454 37 127
0.429069792811383 33 91
0.48901744553918475 42 104
0.49185716420140446 39 104
0.518171160609613 61 143
0.5279897049361154 36 91
0.4163413649212546 49 143
0.47457627118644075 62 146
0.470583326379037 38 161
0.6106076249474207 31 134
0.47204968944099385 36 95
0.4385807096451773 53 108
0.44490065254050876 53 127
0.34422291616622624 36 97
0.5340559182165291 44 123
0.44823690414222184 46 98
0.38395590936925916 34 109
0.5020885783523332 66 129
0.3747973470891673 43 137
0.567632850241546 43 100
0.495575221238938 57 132
0.389183457051962 44 121
0.5637051039697542 35 67
0.7114057235016849 36 116
0.514567458538772 52 106
0.45785270629991137 60 155
0.4096930029608852 27 109
0.5881261595547309 37 136
0.5386567416680765 41 106
0.49067207868238233 36 102
0.6106138107416881 59 148
0.5503411236887206 46 85
0.5234525594345683 51 126
0.4828405043252107 45 146
0.6119393674755162 27 98
0.5030927835051546 46 98
0.4995835415625521 33 92
0.4738709483432559 41 127
0.39195681831662615 51 148
0.6684222321828776 55 121
0.48848672110645186 60 125
0.45994137762579373 57 137
0.5075942028985508 38 88
0.3813831339363877 44 128
0.42388059701492536 37 128
0.4393592677345537 48 133
0.5186335403726706 55 118
0.5774383078730905 58 91
0.40940070505287895 58 120
0.5324518650774501 36 134
0.5536999712064498 48 123
0.5406578148051723 49 105
0.6551911757431864 39 127
0.46497128794093523 41 119
0.5310521634489614 38 137
0.3347005742411813 46 88
0.44554011653966835 49 110
0.46058972897341544 52 143
0.38787185354691084 48 85
0.42691511387163544 45 108
0.5778049942165068 28 105
0.4972562262558042 59 136
0.5415520088057236 46 125
0.5157124408092983 60 128
0.5120903688886274 33 124
0.38980509745127434 39 108
0.5666415347239675 59 118
0.5026052788929701 31 88
0.49064449064449056 44 103
0.6300028793550245 60 105
0.35254143263296583 38 137
0.5849142234728149 43 93
0.48857861506082856 48 141
0.46151029748283756 32 97
0.5652173913043479 62 110
0.5961236249345208 51 166
0.5981331368214199 41 115
0.4016451233842537 34 127
0.5408440919353904 33 125
0.5486166007905139 28 69
0.7308125385928592 40 140
0.41978256313050766 32 114
0.6237699769697815 35 93
0.33573876961933974 56 128
0.39384658100006076 42 136
0.38903837983288486 47 135
0.6472385428907168 34 141
0.526875298614429 68 152
0.40488628144338173 47 124
0.41878589007383105 59 115
0.4120772946859904 43 126
0.5139924469836352 38 99
0.26890621232821665 45 130
0.47208463278909074 40 148
0.39259346068205786 56 110
0.4267511004710788 46 116
0.5366132723112127 35 113
0.5086649409906551 63 160
0.46543307980474524 65 106
0.40480364656381496 40 115
0.3827483848437228 42 113
0.4390150057714506 21 120
0.6423965050967338 28 72
0.4559658259699222 32 140
0.538515720048665 33 104
0.7096117493092919 33 125
0.42099681866383887 41 108
0.5736369910282954 47 116
0.37628458498023715 28 83
0.4820942197114898 26 131
0.42106000140026606 65 146
0.4035994297933 53 123
0.40991847826086963 51 136
0.5679347826086958 36 89
0.5822474519416848 27 103
0.5430473952213084 47 104
0.6092343208926512 34 130
0.5566551762481929 37 121
0.5581009943458765 31 135
0.46449062858600026 43 139
0.3360921948664223 57 114
0.421581288563639 34 108
0.6462601125987604 33 115
0.4949611287071697 37 79
0.5076335877862596 35 96
0.48777550283030235 40 120
0.5328781890046712 41 95
0.3947770523683846 31 75
0.4909790002957706 49 122
0.5204165977847578 37 116
0.550388712928304 34 99
0.6224013820904117 60 127
0.5549978835338937 52 139
0.5340725052946306 35 121
0.3474197480698903 39 108
0.3449530741237311 30 101
0.4942489072923856 52 149
0.553711434680786 44 89
0.44399654477397055 46 117
0.48473152457713714 46 86
0.5000000000000001 41 88
0.3110660413233616 40 92
0.5043478260869566 33 99
0.43766673876991835 44 125
0.38351107465135365 36 124
0.437797744678285 38 131
0.4672682526661196 42 111
0.4191396365309408 34 94
0.4191248427233329 29 69
0.5107036176568204 33 159
0.5886516895793749 39 156
0.5582815734989648 48 117
0.48918826093965756 36 137
0.44442716030178114 47 119
0.5428907168037603 58 135
0.5639947180515478 39 132
0.5601222826086957 31 131
0.4298481276385766 42 146
0.4888010540184453 22 93
0.391304347826087 38 101
0.5290337520986511 47 116
0.6644447810937737 54 103
0.8048953301127214 51 142
0.4992769690542755 42 146
0.5427561133522586 29 120
0.5300789502946736 63 150
0.44044321329639896 33 134
0.40867233943350045 43 106
0.6054709218280886 22 96
0.47747240369452576 37 128
0.5117640680906429 54 107
0.4959595458827028 44 139
0.5191456903127385 65 122
0.6527509205054172 43 111
0.3159053384700056 37 99
0.584742351046699 65 98
0.431132973659156 35 126
0.481786133960047 67 153
0.5167937358335051 33 59
0.4533292794162361 46 114
0.519971068070401 27 97
0.41540800501172714 61 131
0.3967727476467952 39 96
0.4105944246235714 54 137
0.48292878100826886 52 132
0.49506608456432044 39 124
0.531008607371441 39 118
0.2595633513715245 54 140
0.40358056265984654 36 82
0.48740393007550015 32 115
0.4013377926421405 31 79
0.5793045350306547 38 129
0.39712260657992177 32 101
0.5344682156276358 53 126
0.6214406711301121 51 150
0.30600941567432843 50 95
0.5328063241106719 69 170
0.4545364304149296 44 139
0.5196875246587234 41 102
0.40666395774075575 48 116
0.4582278481012658 64 152
0.49831043027708954 40 112
0.32670105625153517 30 86
0.49820308646325134 54 129
0.5702583490863263 46 116
0.5533792509685752 29 124
0.3625013689628736 47 118
0.38472686733556305 44 148
0.5689224952741022 71 179
0.4281387396189546 55 115
0.5875012379914826 35 93
0.504 44 135
0.4334291997969888 46 83
0.34540642722117215 51 126
0.49280872871549025 43 107
0.3729415945977966 44 102
0.4898969376823907 49 165
0.38714555765595476 40 77
0.4922043351502091 44 118
0.4773588309579651 45 118
0.46990740740740733 49 150
0.6691540394426255 45 90
0.5702124665822428 44 179
0.45143069490895577 36 113
0.41786133960047006 31 83
0.5509362107267534 55 135
0.5435827759197324 37 119
0.47700930510964784 63 169
0.4811584378967946 47 108
0.5269454444752147 27 117
0.42059821153253174 41 78
0.3655341203570401 51 141
0.5021151285737984 59 140
0.5656565656565656 56 161
0.5960784313725489 29 99
0.4956847418987134 33 110
0.5947132745919399 39 176
0.49955212568042456 35 98
0.38798362807938847 57 136
0.4404869565217392 72 148
0.38603738510792107 41 101
0.567155912489615 79 133
0.5168729503861207 50 91
0.5342083675143561 63 150
0.4999375910131058 43 150
0.45639386189258313 46 120
0.2338564445587857 41 117
0.46566616802586497 49 163
0.5199166883624056 44 130
0.5885593029030656 26 126
0.6119515584673417 45 140
0.4430986170116604 50 103
0.42253238276935434 30 93
0.4993745498654334 39 154
0.37650158877780365 44 129
0.6158567774936059 61 155
0.49739894048584915 44 140
0.47978293958043816 31 97
0.6304626890662501 37 119
0.5072463768115942 61 121
0.4641790337110617 36 150
0.3485369032105201 44 102
0.39046283309957935 54 134
0.42391304347826086 59 144
0.4820065430752454 20 123
0.45321739130434774 40 96
0.57896865520728 34 82
0.6862334696984113 32 105
0.39175630479978313 36 106
0.29036486781734755 36 102
0.4418896321070231 62 118
0.5343550230726896 62 155
0.5652783706323555 50 116
0.5696942104863798 42 102
0.556710775047259 28 106
0.5241137558658902 28 115
0.42924201616006163 47 116
0.4914668833807395 28 106
0.3655553972930714 50 121
0.5881518003884655 36 141
0.4695141416076103 35 108
0.4082866542189028 36 99
0.4984132021580451 25 98
0.35716586151368757 22 66
0.521228222551474 47 146
0.4841212256516158 43 142
0.4451388268904562 48 121
0.5081885443511515 32 144
0.4365178829653911 40 108
0.47506915384069787 35 104
0.5165406427221172 52 132
0.35921325051759834 32 82
0.39059998719344297 53 142
0.35816108339272995 55 86
0.4350005448403617 31 84
0.4211180124223603 48 146
0.42702592365788916 47 127
0.47395107111167445 37 110
0.46546317484532584 41 95
0.421994884910486 46 87
0.4851763094830538 66 130
0.42912178630395464 44 123
0.5926525109538255 54 113
0.33843746507209127 60 119
0.5587690736129732 38 112
0.5718819422405585 40 132
0.4260205774975108 46 126
0.39772607642909774 52 161
0.5133883997458474 37 94
0.4850525338132001 45 135
0.48408638817845984 24 104
0.606093461997181 27 113
0.4798632624719581 43 101
0.5295730513121817 41 113
0.608991422656019 28 58
0.45808468314862183 50 109
0.5130906517808004 35 106
0.5405504318547797 50 179
0.5080819431238655 40 92
0.4290120386031242 61 123
0.5265851125629286 47 106
0.36948673677601634 31 76
0.5482326709948193 46 123
0.3284534947716015 49 102
0.565611930876667 67 121
0.5617191404297849 34 79
0.46512183468705215 54 137
0.3689350976685571 63 132
0.5270433175279273 40 91
0.4451170000738171 26 104
0.37221908526256353 38 93
0.5588856057408191 60 132
0.34557478542282255 40 91
0.5445012787723785 41 121
0.4727819017320607 35 92
0.5683297180043382 38 86
0.5544705689815067 50 147
0.41125591050628535 39 141
0.39514066496163686 35 88
0.41784725614720725 30 77
0.5561959654178675 47 123
0.5758254893171971 31 123
0.40654772215485874 17 103
0.3838749273208863 42 134
0.40066252587991713 42 107
0.5222668249750287 48 81
0.44853754940711466 34 107
0.30951015257542736 40 97
0.384871735255367 25 99
0.5628512274475005 27 87
0.4317217391304347 60 143
0.6620824083599546 53 122
0.5245760098674067 52 130
0.40299598100109624 45 78
0.44482173174872663 22 91
0.6387193222872803 58 133
0.4831318780443803 40 94
0.4885057471264368 46 125
0.5101188144666406 39 108
0.3864152261218788 56 116
0.5580387376405256 28 72
0.45149983147960904 15 113
0.5895052473763117 54 93
0.5060403027387814 41 110
0.5637444765697451 41 121
0.3449656750572082 35 80
0.3017508586747089 28 120
0.47040335254059723 28 98
0.46831062080899855 47 145
0.4688718763541817 42 114
0.4778373800112931 48 114
0.3098282791377421 32 103
0.4666812322481976 55 105
0.6533081285444233 51 122
0.5647597254004576 39 124
0.5511372427665171 48 134
0.42227597191906074 48 144
0.5342724046140194 50 154
0.5532002681933056 44 139
0.47356966677951357 26 135
0.4749163879598661 36 113
0.5038215762435785 35 120
0.4276533788532985 67 170
0.346227621483376 26 118
0.5314009661835749 46 130
0.5863918690005647 43 116
0.4395676924346176 62 121
0.48400328137817883 42 114
0.4432973231866319 47 135
0.38011374059805536 45 120
0.3926469069503253 25 99
0.6092107974448794 25 112
0.54715358148264 50 162
0.4594466403162056 51 107
0.5792114229027248 31 94
0.4837644468904788 35 83
0.5488990723147422 34 121
0.5136467299345251 45 116
0.4736842105263158 57 91
0.41578226634714127 48 119
0.4777344983682493 31 132
0.3482961222091657 37 105
0.4931618697693406 41 100
0.49094202898550726 41 138
0.5318343466789032 39 97
0.578836400934526 25 106
0.46166007905138334 37 97
0.39462560386473433 17 94
0.5030269675288938 41 72
0.42638439331642025 52 120
0.5055328047399147 57 114
0.30463962649547704 38 96
0.4586781676186036 41 136
0.4600760456273764 46 117
0.45584239130434795 43 138
0.5021739130434782 41 135
0.45086489013557735 44 110
0.3792974867626221 32 115
0.4406217943659749 51 119
0.4827467218771566 41 112
0.5651084232319931 35 114
0.33905065815716 32 97
0.3128858531459346 44 103
0.5229681978798587 53 118
0.4458749975603251 35 138
0.3244738055000768 30 79
0.3924774165589486 49 151
0.5883441258094356 51 139
0.3600357355568791 43 90
0.5584363781412046 37 90
0.5240389880626437 24 121
0.4963271788763153 37 96
0.4684621252126974 50 133
0.44180487076049607 59 129
0.5773862339967043 29 105
0.2687508209641403 40 102
0.4507661852041939 41 148
0.5513199754423171 33 114
0.4079140205178311 32 114
0.44979198955869154 37 100
0.3726270667483159 40 97
0.3642717648268065 52 117
0.6559177357360356 41 109
0.35013876040703057 26 65
0.5289190267251694 49 126
0.49314009661835756 39 113
0.5206914614981666 72 121
0.4303051726169435 61 99
0.4834242146407373 20 125
0.562766925715886 44 106
0.4309292916318798 25 114
0.49513445577473403 52 126
0.48056045777849077 40 147
0.40079690612914565 61 158
0.4898205659075225 25 101
0.3868471953578335 56 126
0.5299911268855368 48 147
0.5218696957827392 27 115
0.33618623758986654 47 86
0.542699334371902 51 132
0.5385412688887679 54 131
0.5006296851574212 25 111
0.5379369138959933 39 134
0.4601307189542484 53 150
0.4054131874460121 43 105
0.4748828593222184 41 126
0.5817537764607709 54 151
0.5260620167927509 41 112
0.55017042148142 47 157
0.528428093645485 38 76
0.25706680187602987 41 100
0.5212235779343529 39 149
0.4116370650164751 47 122
0.5633187772925765 48 99
0.4765217391304346 64 143
0.5385551499059631 40 127
0.4603746907034288 40 123
0.4266592818240561 20 96
0.5862587224906066 44 124
0.5498223650820503 40 97
0.4965846253930391 54 142
0.4136236434373081 52 143
0.5112188707158709 59 130
0.5155977388512806 42 115
0.45806020066889636 55 97
0.5166119770303527 20 69
0.5238344683080147 66 153
0.46572082379862706 41 111
0.4124049863180297 50 134
0.4997022036926742 32 130
0.45514874141876444 48 102
0.4676245568203023 40 99
0.506393861892583 30 118
0.38530734632683655 25 70
0.3201231242785687 55 167
0.4858053978377539 39 106
0.4989339019189765 36 106
0.4303359683794467 52 113
0.41258094357076786 45 97
0.44089581511037057 37 122
0.4651734738691261 63 120
0.3842264914054599 47 117
0.3716497915425849 34 91
0.4520098441345365 54 141
0.5527410207939508 54 142
0.38915727321524424 63 137
0.28636394956246125 50 155
0.345475910693302 49 81
0.4842477181273922 45 106
0.32357624004898944 50 110
0.42884295557139473 47 105
0.39045183290707575 13 87
0.5804990995626448 56 138
0.40815828041035673 36 95
0.4366885050625372 32 87
0.29933110367892973 58 108
0.6430807453416149 41 116
0.5486233429127652 77 123
0.5526080066147593 43 112
0.3632890667636893 43 110
0.4260208298892379 31 110
0.6542709451011681 24 114
0.40162122328666183 61 120
0.41325702571111306 28 102
0.4677804295942721 37 137
0.5169937155316147 52 125
0.5243046178773968 47 120
0.46922365331246 37 101
0.46334748193185726 51 144
0.42617165443252397 49 129
0.3706343549536706 41 87
0.4524686809137804 39 110
0.46432445965117247 46 114
0.38872512896094324 24 102
0.47344839030866237 21 91
0.6667644255443947 36 143
0.5085346215780998 32 145
0.4019520851818989 52 131
0.498392826932837 38 98
0.3863456701401366 41 124
0.4866594298120322 52 137
0.513089609041633 28 120
0.4484935955258885 48 127
0.5358860699801945 51 104
0.30808258755549284 55 150
0.40411612375630357 32 118
0.5621386198092664 39 112
0.6764922623434046 30 105
0.46762315203753213 40 131
0.5050424096707405 43 111
0.5067067530064755 37 123
0.5549272272179475 52 100
0.5034488103541812 61 123
0.5179377524352577 42 104
0.4146357314616234 52 142
0.47510814575848676 48 120
0.4257017061089708 47 125
0.5377529057253552 50 160
0.5566135138235632 50 129
0.5978122050086068 33 192
0.44654417815451625 25 140
0.3825193567599763 35 128
0.4545047064096818 33 137
0.41418764302059496 52 117
0.6519518585957277 31 117
0.4610013175230567 47 124
0.48540283172534765 44 129
0.4093893224328007 45 137
0.44900338034735987 47 97
0.4704275961192958 14 78
0.4480937567821747 50 126
0.4935064935064935 42 122
0.43824110671936756 53 123
0.5083612040133779 33 102
0.5545511072846416 38 130
0.5062366357804701 42 95
0.46349389165398375 52 171
0.3735177865612648 41 141
0.4705181655747469 28 61
0.5219225830122911 47 103
0.4153273557773642 37 126
0.36878118317890235 45 138
0.6136363636363635 75 159
0.6424031092223311 47 144
0.5317177476835354 52 132
0.434606938954765 43 104
0.504144814752157 36 118
0.5707832540130677 51 164
0.5479328324506302 35 129
0.5561749040009909 30 112
0.44997271238857556 49 157
0.36886156580994 56 138
0.5622241388057432 27 118
0.2296387017758726 40 97
0.5905585219086363 57 104
0.5149328169923135 53 134
0.5041769508258971 30 135
0.563799181490336 74 177
0.4027380773281179 63 134
0.5967653854232304 40 137
0.5107099320833576 28 106
0.3414942112543984 65 119
0.4984768762115758 54 132
0.5253442930276155 46 108
0.39967878857405076 41 109
0.41357676140284844 39 136
0.4488576111057553 29 90
0.46376811594202905 47 114
0.4396069894687298 54 143
0.23128641864634697 32 68
0.4922229026331904 51 125
0.4958086509444506 48 135
0.4739406195422372 48 104
0.584771106510237 50 90
0.4641028215684305 63 129
0.507721549061535 50 101
0.4222257102495684 65 142
0.5836769115442278 46 135
0.36417391304347824 39 127
0.5130434782608695 29 115
0.49285497111584065 39 103
0.5929527249154976 38 142
0.4224668781489085 60 124
0.5146380964245671 33 103
0.3892573487267666 47 118
0.7364030162040753 37 118
0.2875106564364876 55 121
0.5100474972597736 26 97
0.46310634637019393 51 127
0.6999399708429808 40 95
0.48261381676652826 48 142
0.49788904525590694 41 105
0.39742507387083165 23 79
0.5705863775134224 47 128
0.5079652173913044 39 107
0.5411226275407188 61 93
0.42918891431477246 50 115
0.43478260869565216 46 130
0.537287647566945 39 108
0.53625310331657 30 101
0.3510546706844598 46 111
0.45363207966568864 72 146
0.47163189705595643 49 98
0.5426962777604002 45 102
0.3766312800054094 40 141
0.6007638072855467 42 70
0.42514753703480673 37 96
0.46664055359707535 47 124
0.5257242119245901 37 116
0.5160959343337181 27 99
0.4084518488419341 43 110
0.35987129774771065 58 134
0.5760869565217391 56 122
0.5159321024419298 43 109
0.39622153209109734 28 77
0.4586233032453662 34 106
0.5057787561915243 42 116
0.4951197870452528 41 92
0.3288376220053239 60 141
0.3937610695309376 30 134
0.29728725380899296 62 138
0.4977249747219414 63 138
0.4988344988344986 38 87
0.49156846810239746 37 130
0.505975838232444 51 127
0.35424467028348744 50 144
0.3102468866069477 35 113
0.47224378881987567 35 93
0.4238697384375541 48 169
0.45338164251207735 40 82
0.46864295125164673 52 119
0.44285217391304343 57 134
0.3924646781789639 62 141
0.47787610619469 50 115
0.3208628244017526 41 106
0.5628019323671496 51 133
0.3864734299516908 26 76
0.45837546343107516 43 125
0.5731694722709904 39 92
0.5001183618716958 52 114
0.5746360955189801 52 146
0.569905482041588 49 153
0.3364609488568786 58 168
0.4038901601830665 46 94
0.6148974071386158 66 122
0.5435740279639917 23 117
0.49186631174208817 58 122
0.3654649543555625 32 81
0.4324124138952671 29 112
0.4833623188405797 32 121
0.3753722453841573 29 117
0.6432921671459989 77 151
0.45795042088192134 58 132
0.43783371472158655 48 109
0.5702566506504161 47 86
0.46650399290150846 58 105
0.4547742206067384 50 131
0.479023646071701 37 82
0.5492149758454108 42 123
0.3513323983169705 19 80
0.42032075646611666 63 115
0.4955837042108867 39 133
0.4191124526363111 42 128
0.49209829867674854 43 111
0.46933862059198417 51 97
0.5030318668558895 35 110
0.5993716428499037 44 137
0.3650184793710562 35 122
0.5638766519823788 44 93
0.41951805162507494 54 119
0.47547535424488313 29 81
0.47608695652173905 44 108
0.458498023715415 41 106
0.4614359486923205 66 130
0.3427536231884057 51 117
0.4197058979667675 48 158
0.4796713068007604 32 124
0.3628286359332896 68 147
0.41320403313852677 42 137
0.40809091856949226 60 159
0.31112348230255726 58 137
0.6194232346816432 48 116
0.42446340121078713 57 127
0.4300893031744997 55 128
0.5376706953382515 63 178
0.5325688803949674 27 65
0.43832668818429216 60 144
0.4876502601519048 56 136
0.6804136179476326 50 110
0.4735815948527977 47 111
0.37208048868127913 44 119
0.430548383765362 44 140
0.5260575130042203 47 99
0.5588124481953132 46 113
0.5261224973344389 44 137
0.5715964411616584 60 110
0.42764771460423634 37 113
0.4372606442892544 36 96
0.3577126165599371 62 116
0.5210053201247479 40 133
0.4618917117250574 51 123
0.5133979772703576 58 153
0.45845779400376147 33 132
0.5445045717484605 35 114
0.44130789417689203 24 104
0.4536315657200302 42 87
0.4025245441795231 51 113
0.4786556138273274 42 123
0.47265937583355566 30 102
0.2776017239193814 25 89
0.5703945715003769 40 130
0.45057675244010653 49 107
0.4604055280944214 43 96
0.5644449348929597 38 116
0.5077615751629593 42 121
0.4774055595153244 41 115
0.43179392300576386 67 143
0.38448710354117427 23 113
0.44404425006431697 53 134
0.519007511950831 34 82
0.5374521821397722 37 149
0.6267320219831518 46 120
0.4496098104793756 45 142
0.5506493506493507 26 76
0.41999749404836484 71 153
0.4003661327231121 52 117
0.4406375365932994 30 83
0.4037122969837587 67 137
0.4712947393706462 49 132
0.5107757002327852 47 113
0.6093577576693887 34 121
0.4955266049285826 27 83
0.4545317144440526 54 140
0.4468826907301066 49 106
0.4032533386886233 49 150
0.4670441192180321 51 101
0.568424030934641 31 129
0.4780528396089036 30 94
0.536915504511895 39 81
0.5265626046760904 67 155
0.44568085350464604 34 128
0.5264577013818672 54 107
0.44107308048103605 61 144
0.5254762555829005 47 164
0.4674123286519215 40 99
0.5791943885708393 26 119
0.42214673913043477 41 128
0.5083256244218316 35 113
0.4989364417595507 26 84
0.43410983096459516 39 104
0.4785948039804982 36 117
0.48967823780417485 53 97
0.5181209672556233 39 127
0.4866150375022867 44 117
0.3514034122179416 47 100
0.5254682600220357 42 99
0.45354830183692346 29 115
0.5937323546019199 36 104
0.3993751627180422 50 137
0.4865112624410687 34 124
0.40443129220729945 45 123
