0.01100958293950526 35 116
0.024375502024001714 23 75
0.012154851894033267 26 112
-0.008591647292830875 18 91
-0.0016757404613909654 18 79
0.012265709432998168 25 105
0.046051126334866826 23 126
0.041648972380630395 28 108
-0.0042155728219540325 16 120
0.06414105323344393 28 112
0.050726503149394045 16 94
0.0929077192446198 39 112
-0.002605333930972638 31 118
0.05783372316054671 32 118
0.08383833220418059 7 57
0.014717899746492163 22 89
0.01906390426032022 24 98
0.012565804785601063 31 123
0.0568437510045638 24 129
0.03383638264318226 3 67
0.026012801410286765 35 126
-0.004533738717002825 18 92
0.05882922594002539 33 116
0.04336214402259611 26 113
0.01572113971717266 17 91
0.007076660597325989 33 118
0.03357005015643958 25 143
-0.0012151749429088448 22 88
0.005918799450040724 29 82
0.011104991896472245 21 111
0.035443453751644205 16 71
0.013877129566286102 21 87
0.049062431416170345 14 101
0.00847914723681208 17 73
0.12096516062851112 23 99
0.008750399625756267 30 77
0.028813773564345637 15 74
0.007262380155351689 24 129
-0.002288396814848269 24 91
0.01870957406494825 38 129
0.06869639076536306 31 124
0.004018439767738995 17 97
0.016823852181276768 17 62
0.0154377233920525 37 146
0.03212355992237829 30 95
-0.0028924734096939467 14 75
0.051798806841563745 39 148
-0.009261025756055455 18 96
0.0539649641738976 22 113
0.02432215244663426 5 73
0.058925961733506636 15 85
0.030467201740595397 27 111
0.01457757037474391 14 78
0.04504580563284252 25 105
0.00705294424163148 12 115
0.08228855028379546 19 108
0.02267286571924949 26 122
0.0013734904853765627 40 90
0.012992487965085698 30 80
0.08640699066527066 1 80
-0.008077589555789313 23 118
0.05636652814306819 15 81
0.03337794354267866 22 119
0.049052895203640735 9 62
0.028331813460626392 18 109
0.04181239236856872 24 98
0.05064244491869582 16 87
-0.002195782983399655 15 86
0.016556206023972155 30 138
0.013241592218140596 20 97
0.023328509406657035 27 121
0.05523879364899218 20 106
0.006444879849289387 19 87
0.03659534037890456 25 83
0.0226568332433226 12 79
0.0029395362967014815 6 68
0.014390865149723667 28 129
0.027516021030125012 21 144
-0.003189613603467726 19 103
0.018609580748865134 19 85
0.0015804618879395388 17 97
0.01976929902395743 9 140
0.03180728364106648 20 142
0.054194612453717865 35 138
0.017186880741787883 35 145
0.17198389257267968 32 150
0.02208452096873137 26 117
0.034159802338213155 14 169
0.016992524036553335 16 114
-0.002434513401472073 14 77
0.008633875482084028 12 77
0.025048261473827514 21 113
0.014656713346964502 30 140
0.002598121561040513 3 94
0.016270280108240658 35 138
0.008582006556653685 26 132
0.02958674631638327 28 98
0.04454352335957351 25 118
0.007484087550171319 15 141
0.04872481587436849 26 107
0.01901440588026679 42 126
0.041190175993120644 28 114
-0.007222699962201087 8 83
0.0009702820795865046 28 116
0.0036863249441321457 36 108
0.013041780167964433 7 108
0.012049432249270249 23 145
0.03126542233542471 18 73
0.04527320190836263 28 71
0.05982198527478878 14 149
0.0027543591008959744 30 96
-0.009484668764584378 15 92
0.02531360370235051 32 70
0.044558177463711865 26 130
0.04277902438803422 30 86
-0.0010388715637109787 27 83
0.01776727503079473 21 90
-0.012679364060721322 28 94
0.0076103257301166375 13 104
0.08597827572444312 12 114
0.01807368559579202 21 124
0.026428459545020506 40 98
0.03684472380819933 16 94
0.051709877331581805 39 137
0.008237554687085402 38 97
0.030885156473265146 8 128
0.038090725294726194 22 110
0.0014901235273461206 26 102
-0.01061346703797043 17 94
0.0026439230175814782 9 108
0.073316352787442 13 124
0.06482153491331254 28 92
0.012694852862245897 24 86
-0.008928491046172393 28 117
0.013444754149931619 8 79
0.049469440037262946 18 87
0.0030084922701661067 14 91
-0.0051187868828539845 40 158
0.13115046601347793 17 120
0.017588198676603918 9 96
0.008776555645039682 22 75
0.03542960115266055 37 84
0.005115391490090571 31 91
-0.00030808712450704933 21 126
0.0007737025590417713 35 157
0.24600000698990418 21 122
0.030061172222056294 16 59
0.005839267024640274 42 117
0.05425882439958489 39 144
0.01008212147254981 17 127
0.019231246651257843 33 139
0.009462631767899939 20 110
0.006828242611052873 29 120
0.01830777063054669 43 83
0.08712470618528788 23 109
0.007448259503054032 31 105
0.07283514276897188 29 104
0.03512618744743165 43 127
0.03276842326604555 22 96
0.026286397937991642 14 90
-0.010239203582549126 14 86
0.022657917155736954 26 106
0.006077373373483007 11 65
0.24205182219695162 31 103
0.009728529764803649 22 90
0.00599399551545518 10 129
-0.009048951948207986 19 114
0.006003610955538126 15 117
0.013543161663494051 30 96
0.031003631383159206 14 93
0.03093326456754622 15 94
0.03984841068985208 26 67
-0.007130701535558374 23 103
0.03659108679597244 17 169
-0.010503428862320523 25 122
0.03470993458483009 41 108
0.0018509744147703795 22 99
0.01228362192240339 19 104
0.02508332850425067 20 120
0.022784144398104594 30 87
0.02866185019747244 12 101
0.024901185770751004 18 83
0.005627799839899028 36 103
0.029779871302451858 20 69
-0.0025380706073352757 22 112
0.03018519054929564 23 136
0.031232583325043695 19 101
0.037426237874399165 43 136
-0.005610029757549131 33 106
0.03869136166538195 17 111
0.005650814000132603 10 75
-0.006607476279388762 33 132
-0.01238933339015372 22 116
0.0002415594310114063 21 87
0.03543562267488453 35 111
0.07204111888185454 13 101
0.051225139871859095 21 85
0.030488473428695772 23 110
-0.012673263352030013 13 88
-0.00805914882803516 18 135
0.06937292889838935 27 112
0.05154357509745037 14 106
-0.008394468883622552 11 138
-0.008578568396288571 18 86
0.005844149126897484 24 98
-0.00065189351402883 6 96
0.01472182294535849 12 82
0.07402151677581781 37 125
0.010058043052184306 11 89
0.019441533891439388 12 68
0.04416258846638597 31 80
0.022464772884531015 30 100
0.08683888178511126 26 101
0.010137733729546076 32 82
0.028723814013988328 25 67
0.05219935317122018 32 82
0.046658484604731765 41 123
-0.0014667856798819617 24 72
0.020672968163078568 14 104
-0.0055844405931060786 12 69
0.09241725280811303 15 119
0.0022353450439021286 20 123
0.007328799581458874 29 117
0.018302062605902916 21 106
0.01620135851289452 26 90
-0.00506413022882055 15 92
-0.00300839054157131 21 114
0.12700996579411356 44 107
0.01798938430805515 24 132
0.005889508517680957 17 93
0.004659218405946004 24 111
0.05241786794283825 19 94
-0.01815537765806647 20 157
0.014782230451759856 21 117
0.015011866297896793 36 117
0.08944689798008314 23 93
0.04394882282273004 44 143
0.041496656024509526 35 102
0.05335823817988927 24 84
0.03541873809023434 22 123
-0.00035080072415975225 12 84
0.030452251987632056 34 104
0.011577583740198731 15 116
0.017776734824953896 30 108
0.015133629674261205 43 126
0.05060455163296016 36 85
0.009803524680862577 17 107
0.05806680963953891 10 70
0.05777423922541997 24 92
0.013335053345174987 25 95
0.05819155099540909 16 102
0.04854737861706556 7 139
0.07325278065757165 21 62
0.018941640668890956 33 146
0.006765472262081749 33 92
0.051834052728408866 17 94
0.014229675131192615 17 97
-0.0017705147690717919 21 111
0.022068951759138044 29 71
0.1115511680423258 41 123
0.1224432446086325 43 116
0.01173855349703653 27 125
0.02373512832699087 24 151
-0.01373180034156292 22 100
0.001210686583104019 33 158
-0.0007672978814378187 15 64
0.04925606415640832 13 115
0.026994766457813926 30 130
0.04261720735762196 25 115
-0.01071880280234039 20 96
0.012082914646290925 15 76
0.015474283787526667 23 96
0.03174376289491522 20 110
0.0924907399829866 33 128
-0.017882374778500895 9 123
0.003256730475313018 37 89
0.01726957366947905 17 119
0.020182797210582894 30 97
0.011044568589748192 31 121
0.005141172220029671 23 145
0.0391560484653696 15 91
0.06676540755589785 17 96
0.03831213163598473 18 94
0.07068705792279788 19 103
0.039618876822526225 20 117
-0.006808585939020713 23 126
0.1343635075030833 13 85
0.038933981581784974 26 122
-0.008430261591489251 29 65
0.065092160868237 17 132
0.005776535329731099 23 104
0.019330271558527328 17 88
0.04494240646054242 24 81
0.05878255705049045 16 70
0.06506354926961246 27 118
0.013761350305991625 19 75
0.17200287709175296 45 101
0.029731367622611245 32 93
0.04282126979265658 36 118
2.987204539912511e-05 36 101
0.01182587225547347 26 98
0.05738729293673953 46 104
0.021626714292383952 18 104
0.03252434647650014 6 102
0.0005046560573438178 40 94
0.05257149672439791 26 93
0.0005014412999705558 6 97
0.04364758373858479 29 82
-0.013717630980428127 19 143
0.02911308824352305 14 92
0.011895443440309345 19 99
0.10400154831399652 19 97
0.04461504528196284 23 132
-0.0028890980323491248 31 136
0.04264158309491862 16 74
0.011406056213951382 25 117
0.006767002902268589 36 138
0.07256807406040552 28 119
0.003017807476394168 29 136
0.022050131023980506 36 102
0.07733187246576251 24 87
-0.0021306465401175886 29 99
0.019907644247014303 16 107
0.015072008564772522 24 133
0.09132130645319841 27 115
0.06272149904564997 22 97
0.03748542908581596 39 71
0.09983260470605033 29 125
0.012010725416656176 46 157
-0.017109234092439224 19 105
0.02920455575013791 38 110
-0.011269563529857201 22 72
0.021217001452665793 15 127
0.13053364000711432 34 112
0.01751598355951703 22 123
0.04146424717304691 13 75
0.02254285457093989 21 81
0.016650574801426395 27 107
0.0885365644678369 9 75
-0.013376462086825561 19 61
0.016835004216831824 16 127
0.0376822387835703 23 152
0.02833439647256027 12 132
0.003345996325663734 16 115
0.001222060875259836 29 91
0.07109196893999806 25 101
-0.0031648335151740715 11 68
0.010868097983081044 35 99
0.02981105715387571 32 120
0.05156210677316269 19 97
0.02164567413988059 24 86
-0.0020593178558786255 11 96
0.0008647905354341595 23 134
-0.012780267786887211 24 101
0.013346689863469492 24 90
0.037035280978195036 26 94
0.0022670488878373234 36 83
0.1172793072898384 21 137
0.02333140154300298 35 103
0.05494285971823303 27 135
-0.014976179657158065 22 96
0.005051048642655714 22 82
0.04397171781589897 24 81
0.008538572251110285 24 111
-0.006059907946022163 23 79
0.018348305710993808 6 86
-0.002112607945331551 19 109
0.02254207781741236 22 61
-0.0009326517371707291 27 121
0.09286481187677123 6 53
0.011301433346584152 29 144
0.036430170338252 31 102
-0.011618375003941063 34 100
0.04555441066703507 19 64
0.05100625982108234 47 127
0.011276335410589165 19 92
0.02555788942765645 15 123
0.040410524419963116 31 130
0.041645189501993723 17 110
0.014322174356948611 12 95
0.005090064614291229 22 105
0.02630788867225814 19 107
0.032168738995277855 29 91
0.020575262135863828 36 115
0.023775989145626095 23 113
0.05341544461848952 26 120
0.024751699772454006 33 140
0.022663369774643845 22 123
0.0023784741610094425 29 153
0.016808643633012113 21 82
0.023174108792190385 31 114
0.016957815734989674 26 74
0.010908215545306727 8 74
0.007074490995947127 19 101
0.03191146521689635 19 120
0.02734263342687195 22 112
0.17441618877294693 40 143
0.015291484062174855 26 158
0.010154387886063926 18 110
0.027497173427993873 16 125
0.028962191144789252 48 143
-0.010302167874914865 32 102
0.01580598628903018 28 74
0.0040833184352334195 24 116
0.014871242064917965 33 130
0.021622222393046748 28 127
-0.00775568632148814 24 108
-0.005496591808235711 13 90
0.08044678853945755 28 126
0.028766899087765585 18 106
0.04230501195051207 24 133
0.001883125771508919 11 110
-0.00985617236352819 17 113
0.0019339916869263506 31 135
0.02051467963234433 33 135
-0.002232941726526306 16 107
0.01071789350523578 42 93
0.010994044215531113 27 100
-0.005185037635284809 32 91
0.01336526229140165 18 81
0.11350090691613338 19 95
-0.007181311357875226 15 68
0.07089536980841328 21 104
-0.011797048917593892 5 94
0.05183438368430788 15 100
0.002800472772993172 34 90
0.015857618293718727 18 77
-0.008302847764074731 11 96
0.006030807749715756 29 133
0.010678927697561248 16 74
0.035094564663423776 33 111
0.06537159473994514 37 102
0.02232307981311207 15 108
0.009715279300848765 35 103
0.029996371729551583 23 112
0.050205763117535496 21 75
0.03250567248064902 30 92
-0.0074489821202445355 22 123
0.01636345130839329 28 71
-0.002524995108868663 10 98
0.03494708994708997 21 98
-0.007558536075521006 30 138
0.04827278735623343 26 125
0.024968415044386603 35 142
0.014483715719886884 39 105
0.00017384606595711443 20 132
0.010430873839780235 23 85
0.04142683225697282 12 67
0.020920044396064146 31 143
0.011756450193815132 16 98
0.03781721309393544 18 90
0.009736321904518693 15 115
0.019712691883736297 10 106
0.004105862962149139 29 122
0.019356337669651214 17 80
0.012893025066491388 26 152
-0.006914713855387509 17 105
0.024279020359444264 19 96
0.04512788944376048 45 128
0.048645956565297944 30 99
-0.0034088712384294944 21 125
0.044963128646572786 6 91
0.026475630459352906 23 113
0.012151205503239193 17 121
0.12045114442036577 22 92
-0.014137815586019285 15 101
-0.0055559088650051795 24 87
0.0009328510242162893 26 130
0.05376302385986457 27 137
0.05275712078056174 9 96
0.010287834390246895 20 84
0.005415422448025826 17 133
0.017332467902173555 10 83
-0.011975370090975834 20 104
0.043069857366904635 38 102
0.027060765957415227 16 103
-0.009358616249369966 30 134
0.01262894276953564 25 79
0.01771380281155416 13 105
0.030509513245098957 25 163
0.007874921169936969 16 104
-0.011136086256274845 23 103
0.05165423969529712 30 105
0.007741719563112857 32 151
0.04723968513920439 18 88
0.04535790188335871 18 106
0.06077732968316117 32 146
0.0445055531994783 28 128
-0.0023689398596654673 37 129
0.03605217012699317 26 135
0.004606459891916229 28 113
-0.012393708296296933 15 85
0.02046192170505921 36 133
0.020147693412470996 40 124
0.010210765614765194 1 80
-0.00617063386474279 25 101
0.0033378397819586424 14 92
0.05138372671527965 41 143
-0.003378957585510037 8 93
0.06959403176748408 23 97
0.03328006258866239 28 99
0.004786292087695087 4 101
0.11948858082230712 25 82
0.06943967734172368 40 85
-0.01953166097670709 22 119
0.11351679694959033 25 80
0.03052590080387659 26 81
0.0649883654885579 38 89
0.010983953444997727 46 122
0.014784501956110533 21 98
0.08586439835960744 20 124
0.027149864532750066 27 107
0.1565220939800761 24 126
0.06912681736667514 27 156
0.007073700849634483 17 100
0.031056372048994096 29 106
0.02678626283631755 28 95
0.021794245920735898 16 145
0.0086983384312968 31 109
0.012759703888918566 29 117
0.05263201912713126 21 140
0.012956349114370984 15 63
0.09325221994842599 54 123
0.050718911331936095 30 90
0.017132522328795086 18 96
0.04733942171855591 65 161
-0.00205743519370695 34 152
-0.0040671883871990335 38 124
0.0006326897731183514 28 146
0.020792751324095835 19 119
0.025254756181745518 25 114
0.03025379062621475 27 110
0.05893114401897263 29 125
0.0363097148364127 43 107
-0.004180687264199048 16 117
0.0036705292292871314 29 118
0.05236501574244437 29 125
0.008680097597536246 45 133
0.03571030281672895 54 131
0.13804638494509625 33 107
0.03333497510953692 40 136
0.0660961890011011 16 106
0.07493367945450977 15 95
0.005718767276813717 28 108
0.020540720578390223 15 117
0.0634701919547064 24 80
0.010738509091061523 40 157
0.006989629275315422 27 77
0.07231318137667306 16 80
0.005339835968455722 24 119
0.016422835662821995 13 95
0.025939525110992016 26 83
0.06112889408271762 18 100
0.0354817291625063 24 74
-0.004108849554924963 47 112
0.04907287885920821 17 96
0.017007468537581432 11 103
0.0042079940157607795 11 108
0.03675838071488263 20 113
-0.013436709711068239 27 105
-0.007897786090720884 21 109
0.0067311592399983845 42 157
0.001487575297494884 42 157
0.08239330482172479 6 122
0.011727697993235692 35 154
0.021546729576330966 47 145
0.0012843625748995236 13 59
0.0709625804247822 52 120
0.0018622327976245238 15 113
0.044644796197591256 26 106
-0.007615071724066713 25 146
0.013042857658272853 41 127
0.06574150386759993 34 79
0.0026992293058306464 18 123
0.011688674919634672 13 101
-0.0014779056420207723 24 111
0.016410977189051112 7 82
0.029325094339821268 9 106
0.04203520057178596 18 103
0.03207694543053444 48 114
-0.002683958266719549 28 143
0.008060176929404046 24 89
-0.0036513173835740994 22 75
0.07490836967714198 27 104
0.018087184878415256 16 99
0.03930765469725318 47 115
0.03093515462648909 24 97
0.011013906730410038 15 59
0.042903366284245854 36 98
0.03619048406681218 24 121
-0.008325646229219184 32 116
0.017948576252654044 28 156
0.003821901469170274 19 84
0.005069807611094656 32 103
0.00823036433844573 23 102
-0.0033523290324673936 22 97
0.048413027784655824 33 121
0.0016858406026653825 16 97
0.17965713078021822 10 82
0.011692618153671525 28 70
0.004055097307685944 44 100
0.014236673746156479 5 84
0.03541753998691137 27 105
0.0016193826637366851 32 101
0.05342072898860546 27 97
0.01891768593306573 28 120
0.0034164016433251357 30 94
0.06039720170820485 20 90
0.026295362310024762 31 110
0.00865028787685769 17 78
0.013461338790205437 17 100
0.0132601067887109 32 139
0.03407804290269329 32 118
0.1222517877649875 36 146
0.05641598886486058 22 156
0.006766445514106832 30 104
0.026354200165229894 18 82
0.0036908707809166605 26 109
0.008596998814390102 16 102
0.07376679935771341 25 84
0.050528618336683255 14 91
0.012115145285002904 25 100
0.03198964378090969 15 105
-0.013731868418361149 23 85
0.03998201571738267 29 89
0.010227160591288573 9 113
0.031332558259667874 26 93
0.008709866704109821 25 109
-0.017616061845853376 26 109
-0.0015227034048507517 22 98
0.044669188614025926 20 98
0.03616283829973106 26 118
0.036708187670411487 33 107
0.027800136566059227 15 100
0.01834660812981378 17 109
0.025196667197881627 35 126
0.00874383256858324 32 84
0.024268917586005107 22 76
0.01390441732100006 9 105
0.06561230334626475 48 129
0.021934433890398876 28 102
0.011623850201032614 32 159
0.0073628147154338915 16 117
0.020848476529475808 31 98
-0.018230748716654883 34 139
-0.005640836596579325 24 122
0.03140801403429445 28 138
0.05764280518102637 18 157
0.017563200112216255 39 144
-0.0031183122957822215 20 119
0.01708054206958572 17 114
-0.003632356716363159 42 114
0.006129371843066744 22 128
0.02021709952096783 19 128
0.060826732789227685 25 116
0.041449659501316176 19 110
0.021683986624125292 37 121
0.015571991601500426 22 101
0.04188048598608849 24 102
0.025743889111759753 19 106
0.00666515342233964 25 99
0.008935995837726605 26 120
0.1810288262462176 50 95
-0.0008215690641634931 15 97
0.028931803330244286 14 104
0.012003534497588278 13 87
0.028690147663612244 25 90
0.07429283252986366 24 105
0.019920170031546988 45 113
0.011062938886775054 24 89
0.032756268138576995 27 97
0.03655920787063785 29 131
0.032614549421051235 11 88
0.0024358971302923045 36 117
0.052430086228555904 14 108
0.021185301831714656 25 136
0.0462291818930573 24 87
0.0072292212549962855 16 93
0.028509844107037226 21 113
-0.004115472084956879 19 123
0.008735471274291157 35 166
0.036525015900837524 5 111
0.05948144746041892 23 128
0.05016227296020045 21 98
0.023039484227738296 11 81
-0.014178190596760969 31 123
-0.0008924762393694883 23 126
0.02487580010229932 16 119
0.023424815831287023 21 109
0.04170543460856002 35 115
-0.010059177772089724 34 105
0.007413861929501543 31 154
0.037219000659847574 23 88
0.039431874574423084 24 113
0.011418510083300535 45 143
0.0018781677547694926 37 145
-0.015566240616964645 18 87
0.06755835458342908 20 106
-0.014875339516945554 3 99
0.010974461687565834 44 87
0.011688142122924761 34 115
0.02872808838458691 39 119
0.08388173593720444 19 111
0.022690163634008834 36 106
-0.012383947945075724 18 87
0.013859925804675464 20 106
0.0349838379707687 22 93
0.04008801672317742 18 90
0.021308592207418632 27 112
-0.017784782518061967 17 113
0.0404638455741509 31 109
0.011433584937191899 24 115
0.00947783343562036 20 84
0.004225699361844874 20 62
0.10434459914321213 19 130
0.014063191351981426 30 112
0.009506102421573636 16 77
-0.010799710481576857 21 96
0.005981515977818757 39 119
0.013647352468185726 39 138
0.03767537541318998 36 81
0.0750629780152056 19 54
0.0077541597631742365 15 89
0.07114152062944526 27 118
0.03592063437601606 40 116
0.017285556606748676 32 136
0.026291089347681953 27 98
0.002774714111569053 24 120
0.005302220901089323 18 104
0.1132627214834463 14 85
0.06222127725025219 21 90
0.07997960016930067 15 96
-0.001527803618756498 29 104
0.02559837652810893 20 106
0.004906968785369795 42 102
-0.0017093347993924553 11 111
0.05938553592327138 22 118
-0.012060052229492859 37 117
0.0010144271656598802 11 116
-0.013358593350917358 11 84
0.012788656320840084 44 112
0.002222960406221367 27 120
0.012731254402253967 32 94
0.06038964819410026 27 118
0.0005047595914731918 16 107
0.012398575798605899 9 96
0.03866654862232415 28 111
0.04309427932724253 23 94
-0.008854610782515178 29 114
0.07439692689501212 22 140
0.04318207061669283 25 96
0.02313149805877223 20 115
0.03983253459112694 30 105
-0.0033375237486887458 27 118
0.003607454284238562 24 140
0.014892013863696556 7 99
-0.000637136529828452 19 105
0.0571815565917021 24 118
0.01339500893805425 22 118
0.029120588099376895 8 95
0.13368277748190266 27 120
0.03532612049537039 20 98
0.013053772724607955 14 97
-0.010041607135384586 37 121
-0.006550660683924108 12 142
0.04133099645368265 17 67
0.03524032563845208 55 107
0.005115453088815448 17 132
-0.0034881258332875964 10 82
-0.0026577503429355666 27 105
0.09383207916984879 32 106
-0.006677780669606952 14 106
0.01495303125962606 20 98
0.021264440977955285 15 101
0.016062127326420206 20 100
0.033278103850150266 25 77
0.05474114199623578 20 123
0.021479784969832 40 96
0.03218668673850802 14 106
0.03682908459393459 24 91
0.04076105465507525 29 106
0.057311791456033975 30 92
0.0050109220376402565 24 120
0.025067493773667883 24 150
0.03183087541040911 26 138
-0.003106536075533808 17 87
0.03376209940503617 23 101
0.05942802077039251 20 133
0.009851275008583318 21 129
0.04910558198543095 30 114
0.015840219712555788 16 84
-0.01277457767747886 25 110
0.018261751283472478 14 135
0.09414822491976457 9 107
0.0369506023822383 21 115
0.16800963473231278 13 97
0.039472651773818264 35 99
0.013668286876129289 17 113
0.011123843133365199 9 81
0.07039049615634076 17 153
0.01598810642974502 31 105
0.0017984946154539732 12 89
0.005835045164106618 20 155
0.016754900338010515 23 69
-0.0013204825356519859 11 60
0.07049899440986906 33 103
0.027836359325107064 7 117
0.003244755808974759 29 99
0.005286766356621229 17 79
0.00928005698351605 25 83
-0.009426337536437762 25 110
-0.0020052533372314054 11 100
0.015889607027099635 27 104
0.052542559727778104 20 102
0.028463963869488327 14 92
0.01412126525936726 23 142
0.020897558926697382 17 109
-0.004370412684805232 31 66
-0.011353255694789875 23 95
0.014414312830053972 13 117
0.003150010528726502 35 103
0.06124289595291258 33 120
0.005650477169190993 17 107
-0.005796418486186466 26 110
0.00990108662140804 10 95
0.020591856221041243 17 129
0.03240122096357375 28 80
0.0004945668275985661 30 141
0.02052281114066012 33 117
0.021491724659163963 17 127
-0.010443218751702267 15 115
0.03971071020987888 17 112
0.11587241760654611 11 76
0.10272175986911589 40 91
0.0023315972713871536 22 102
0.005867173294906285 5 63
0.015825460946588585 5 91
0.034445151455770574 34 140
-0.00694697174169351 21 106
0.013939843905619068 25 84
0.021854012082499853 31 127
0.163454926049209 31 116
0.045987591149659376 20 90
0.006110030210208652 19 87
0.04755919393410112 42 121
0.0044564507069342904 24 140
0.011268597704815643 21 118
-0.004269607188507519 27 159
-0.00174141220441998 8 61
0.013530569052193655 19 125
0.03057399060087218 15 87
-0.014117774692999659 24 98
-0.00666006314222515 6 45
-0.011528014799292968 9 72
-0.014326075985054856 21 109
-0.0004924627575680343 25 111
0.03640845683662918 46 115
0.052884536369140374 24 70
-0.0024425931409966673 34 98
0.11446835182606784 44 105
0.04120747057964364 34 130
0.011332691155603928 8 71
0.0029802026426957178 12 132
-0.0012421869022781159 17 104
0.05494917666426659 37 146
0.012416348384727853 40 98
0.0384725750055796 29 87
0.1157250406823054 31 131
0.01837921561577741 20 87
0.05100675231228218 26 125
-0.016579601493023417 19 123
0.013676071330911354 20 72
0.006745980937051173 17 97
0.05206058703770998 51 109
0.008433909138200635 26 84
0.005674058751935639 38 137
0.01305960122534532 8 126
-0.00307916109238745 42 111
0.03830570610963854 30 147
-0.01025708128353678 14 61
0.02093294500148575 20 76
-0.0028878645550878767 28 111
0.029260853249663144 29 83
0.0006368311994910433 20 162
0.0065920717193873445 10 116
0.010962530748225034 22 141
0.060000808809361254 19 140
0.00491305599502466 20 90
-0.013300514713894679 31 138
0.03199574812473675 38 142
-0.013129965469209581 22 116
0.012565066372202534 14 102
0.041083021575866456 42 135
0.014421216295687642 34 96
0.03608778339462631 25 82
0.10893486165632162 27 113
-0.002828082860520001 18 134
-0.00588041960530635 11 94
0.062024388230323586 22 109
0.005708767410711073 33 118
-0.0004216148249175953 20 111
-0.00811186593899328 27 113
0.015502138673041788 16 136
0.05075705449732003 29 90
0.027928397995049564 52 142
0.007130353133998032 24 105
0.02566262004793212 23 98
0.0325696387808189 24 129
0.03700552235931109 17 85
0.0642998714473811 24 110
0.01687097225266444 31 136
0.07166662528493502 24 123
-0.01061745510448829 26 113
0.04026836135881927 25 116
0.023393921185719316 43 116
0.07420014271985423 35 128
0.0035929988151679883 19 126
0.0454633267029032 18 96
0.024855329280357923 30 105
0.010309811793851539 20 120
0.03406287399126824 8 92
0.02481443158957159 13 93
0.055436014178646804 35 110
-0.01127401293180118 6 60
0.017195175408865563 25 89
0.00853336632487315 18 149
0.029541779157879134 26 106
0.03914001615812494 34 122
-0.001632610935601142 30 95
0.006187217499588329 26 112
0.07526056911389682 22 107
0.009242284064485976 19 111
-0.001699210623557957 32 102
0.008982473558653607 25 90
0.017244335649982186 13 85
0.037799654131651775 15 115
0.10808896789209568 49 156
0.006647377726152274 31 87
0.06344454533915268 27 136
0.007925798308471529 24 91
0.015157090523966516 44 159
0.01998651388215409 32 139
-0.004647839574804694 15 91
0.050413694171520536 20 124
0.018616154703677796 21 95
0.048893957206175565 15 98
0.012365712239076542 17 95
0.00981883879468314 20 105
0.018239737962921342 22 102
0.04255144978479222 11 75
0.0139994406221742 34 125
0.04480078045831316 18 90
-0.005937989419755902 24 119
0.034791186941093726 44 164
0.007863870125319646 15 62
0.03393905281145444 17 113
0.06913762301477347 40 107
0.020158152122017502 21 102
0.024980140697400118 15 85
0.02955677277824635 19 104
0.10308101224859112 17 133
0.027139933673081342 22 116
0.002261491685606744 30 128
0.0652883186700112 17 89
0.02054622321406443 26 69
0.01323272126503784 17 103
0.01564832999993995 31 148
0.003017974519114493 28 136
0.006754848055467075 27 136
0.03704774096352754 21 92
0.06197388121169454 26 96
-0.01341683466818443 15 112
0.011188081297674495 39 105
0.05397026650130355 26 78
0.09160668651192926 27 107
0.06848648510775225 29 118
-0.008445637533028096 20 100
0.018978260447302327 35 134
0.028524612658861363 29 134
0.03624098399853902 28 127
0.03224651893085387 26 121
0.025091643953289493 23 129
-0.007547438540770389 24 162
0.02267738679679767 24 119
0.05503572412668972 26 87
0.015316053503789331 25 113
0.015048606157818308 13 112
0.0019453569001432994 11 137
0.045083279658195904 42 135
0.0014466019705867677 32 122
0.012681437885098023 45 190
0.031464479840023186 9 112
0.0156826348730397 22 80
-0.014388354128198836 5 100
0.030391787552735524 37 109
0.012956629396372302 33 105
0.004935167289035694 14 107
0.054760762498520264 15 88
0.06979657028288874 39 150
0.0016539561170947953 40 107
